2021-04-11 09:56:33 418 1 10 64 79 21.5 60.5 32.06857241727272 118.79672662515335
2021-04-11 09:56:34 419 1 11 64 79 21.5 60.5 32.06856370506349 118.79675033013062
2021-04-11 09:56:36 421 1 12 64 79 21.5 60.4 32.068558604058275 118.79675012839951
2021-04-11 09:56:38 423 1 13 64 79 21.4 60.2 32.06855788453573 118.79674763757691
2021-04-11 09:56:40 425 2 14 64 79 21.2 60.3 32.068557930782234 118.79675351511251
2021-04-11 09:56:42 427 2 15 64 79 21.2 60.5 32.06856356430185 118.79674514988378
2021-04-11 09:56:44 428 2 16 64 79 21.3 60.7 32.068568040271714 118.79674216350881
2021-04-11 09:56:46 418 1 10 64 79 21.4 60.8 32.068572808351334 118.79673818109096
2021-04-11 09:56:48 419 1 11 63 78 21.4 60.7 32.068576779646065 118.79673459676046
2021-04-11 09:56:50 421 1 12 63 78 21.5 60.6 32.06858072500059 118.79672772501037
2021-04-11 09:56:52 423 1 13 63 78 21.5 60.6 32.068583193282734 118.79672374147937
2021-04-11 09:56:54 425 2 14 63 78 21.3 60.4 32.06858537259494 118.79672115246615
2021-04-11 09:56:56 427 2 15 63 78 21.2 60.5 32.068586470900364 118.79672095376509
2021-04-11 09:56:58 428 2 16 63 78 21.1 60.6 32.06858646539492 118.79672025643448
2021-04-11 09:57:00 430 2 17 63 78 21.2 60.8 32.06858447741297 118.79672174973936
2021-04-11 09:57:02 418 1 10 63 78 21.1 60.9 32.068582192607096 118.79672364137298
2021-04-11 09:57:04 419 1 11 64 79 21.0 61.0 32.068581901288155 118.79672473703268
2021-04-11 09:57:06 421 1 12 64 79 21.0 61.2 32.06858190286039 118.79672493627012
2021-04-11 09:57:08 423 1 13 65 80 21.0 61.4 32.06858043053455 118.79672842219564
2021-04-11 09:57:10 425 2 14 65 80 21.0 61.4 32.06858053209509 118.79672862148206
2021-04-11 09:57:12 427 2 15 65 80 21.1 61.4 32.068580942265264 118.79672991672193
2021-04-11 09:57:14 428 2 16 65 80 21.1 61.3 32.06858075799893 118.79673190900155
2021-04-11 09:57:16 418 1 10 65 80 21.2 61.3 32.06857957226898 118.79673370155633
2021-04-11 09:57:18 419 1 11 65 80 21.3 61.1 32.06857898018817 118.79673469745285
2021-04-11 09:57:20 421 1 12 64 79 21.3 61.1 32.068579275443405 118.79673409988563
2021-04-11 09:57:22 423 1 13 64 79 21.3 60.9 32.068579066041316 118.79673290436114
2021-04-11 09:57:24 425 2 14 63 78 21.3 60.8 32.06857706783314 118.79673310262308
2021-04-11 09:57:26 427 2 15 63 78 21.3 60.7 32.06857606794363 118.7967331021351
2021-04-11 09:57:28 428 2 16 62 77 21.4 60.7 32.06857457439215 118.7967338983543
2021-04-11 09:57:30 430 2 17 62 77 21.4 60.7 32.06857347608427 118.7967340970552
2021-04-11 09:57:32 418 1 10 61 75 21.4 60.7 32.06857227857266 118.79673439532618
2021-04-11 09:57:34 419 1 11 60 74 21.5 60.6 32.068571278683095 118.79673439483794
2021-04-11 09:57:36 421 1 12 60 74 21.5 60.5 32.06857059053844 118.79673588878028
2021-04-11 09:57:38 423 1 13 59 73 21.5 60.5 32.06857158885773 118.79673569003064
2021-04-11 09:57:40 425 2 14 59 73 21.4 60.5 32.0685727863697 118.79673539175964
2021-04-11 09:57:42 427 2 15 58 72 21.4 60.6 32.06857358628133 118.79673539215018
2021-04-11 09:57:44 428 2 16 58 72 21.4 60.6 32.06857496806516 118.79673310159825
2021-04-11 09:57:46 418 1 10 58 72 21.3 60.6 32.068576260067246 118.79673210604376
2021-04-11 09:57:48 419 1 11 58 72 21.2 60.7 32.068577058407904 118.79673190719639
2021-04-11 09:57:50 421 1 12 58 72 21.2 60.9 32.06857826063172 118.7967322066386
2021-04-11 09:57:52 423 1 13 58 72 21.1 61.0 32.068578267700524 118.79673310320862
2021-04-11 09:57:54 425 2 14 58 72 21.0 61.1 32.06857847396122 118.79673390025751
2021-04-11 09:57:56 427 2 15 59 73 21.0 61.3 32.068577303144416 118.79673758557331
2021-04-11 09:57:58 428 2 16 60 74 21.1 61.5 32.06857661735013 118.79673937837389
2021-04-11 09:58:00 430 2 17 60 74 21.1 61.6 32.068577017305934 118.79673937856907
2021-04-11 09:58:02 418 1 10 61 75 21.1 61.7 32.06857681340377 118.7967388803764
2021-04-11 09:58:04 419 1 11 62 77 21.2 61.7 32.06857600956768 118.7967383818909
2021-04-11 09:58:06 421 1 12 62 77 21.2 61.6 32.06857460187274 118.79673738501765
2021-04-11 09:58:08 423 1 13 63 78 21.2 61.5 32.068573796465856 118.79673668729427
2021-04-11 09:58:10 427 2 15 64 79 21.2 61.5 32.06857279265087 118.79673618871128
2021-04-11 09:58:12 430 2 17 64 79 21.2 61.5 32.06857249974965 118.79673708513559
2021-04-11 09:58:14 418 1 10 64 79 21.3 61.5 32.068573012253815 118.79673867928364
2021-04-11 09:58:16 419 1 11 64 79 21.3 61.5 32.06857432702156 118.79674057267982
2021-04-11 09:58:18 421 1 12 64 79 21.4 61.5 32.06857603546518 118.7967416693192
2021-04-11 09:58:21 423 1 13 64 79 21.3 61.4 32.068577822711106 118.79674007629268
2021-04-11 09:58:23 425 2 14 63 78 21.3 61.3 32.06857881710701 118.79673937944737
2021-04-11 09:58:25 427 2 15 63 78 21.3 61.2 32.068579318621374 118.79673957892935
2021-04-11 09:58:27 428 2 16 63 78 21.3 61.1 32.06858001148034 118.79673868269965
2021-04-11 09:58:29 418 1 10 62 77 21.3 61.1 32.06858060356467 118.79673768680232
2021-04-11 09:58:31 419 1 11 62 77 21.4 61.1 32.06858110900403 118.79673838437921
2021-04-11 09:58:33 421 1 12 62 77 21.4 61.0 32.06858083415005 118.79674157204208
2021-04-11 09:58:35 423 1 13 62 77 21.3 61.0 32.06858005855797 118.79674465984395
2021-04-11 09:58:37 425 2 14 62 77 21.4 61.0 32.0685796405595 118.79674236840934
2021-04-11 09:58:39 427 2 15 62 77 21.4 61.0 32.068580018544004 118.79673957927083
2021-04-11 09:58:41 428 2 16 62 77 21.4 61.0 32.068581493259686 118.79673639219457
2021-04-11 09:58:43 430 2 17 61 75 21.4 61.0 32.06858258528669 118.7967353965415
2021-04-11 09:58:45 418 1 10 61 75 21.4 60.9 32.068584059990485 118.79673220946769
2021-04-11 09:58:47 419 1 11 60 74 21.5 60.9 32.06858454422415 118.79673021733414
2021-04-11 09:58:49 421 1 12 59 73 21.5 60.8 32.068584532438564 118.7967287230517
2021-04-11 09:58:51 423 1 13 59 73 21.6 60.7 32.068585220573574 118.79672722911097
2021-04-11 09:58:53 425 2 14 59 73 21.6 60.5 32.06858702037446 118.79672722998855
2021-04-11 09:58:55 427 2 15 59 73 21.6 60.4 32.06858922327457 118.79672762953605
2021-04-11 09:58:57 428 2 16 59 73 21.5 60.3 32.068590220020376 118.79672723154826
2021-04-11 09:58:59 418 1 10 59 73 21.4 60.4 32.06859221508343 118.79672663481013
2021-04-11 09:59:01 419 1 11 60 74 21.4 60.5 32.068594506968786 118.79672563974299
2021-04-11 09:59:03 421 1 12 61 75 21.4 60.6 32.06859589580826 118.7967242457625
2021-04-11 09:59:05 423 1 13 61 75 21.4 60.7 32.068596890980345 118.79672364853722
2021-04-11 09:59:07 425 2 14 61 75 21.4 60.8 32.068597486982675 118.79672315073584
2021-04-11 09:59:09 427 2 15 62 77 21.5 60.9 32.06859818690513 118.7967231510767
2021-04-11 09:59:11 428 2 16 62 77 21.4 60.8 32.06859819162257 118.79672374878898
2021-04-11 09:59:13 430 2 17 62 77 21.4 60.8 32.06859839710368 118.79672444621745
2021-04-11 09:59:15 418 1 10 62 77 21.4 60.8 32.06859869707044 118.79672444636353
2021-04-11 09:59:17 419 1 11 62 77 21.4 60.8 32.06859788772463 118.79672325054935
2021-04-11 09:59:19 421 1 12 62 77 21.3 60.9 32.06859798378217 118.79672275250452
2021-04-11 09:59:21 423 1 13 62 77 21.4 60.9 32.06859788536582 118.79672295169324
2021-04-11 09:59:23 425 2 14 62 77 21.3 61.0 32.0685971948781 118.79672414677691
2021-04-11 09:59:25 427 2 15 61 75 21.3 61.0 32.068596210710645 118.79672613866482
2021-04-11 09:59:27 428 2 16 61 75 21.3 61.0 32.06859471952223 118.79672723374074
2021-04-11 09:59:29 418 1 10 61 75 21.2 61.0 32.0685932212601 118.79672743224761
2021-04-11 09:59:31 419 1 11 61 75 21.1 61.2 32.068592426849655 118.79672812918942
2021-04-11 09:59:33 421 1 12 62 77 21.0 61.3 32.06859324326146 118.7967302215745
2021-04-11 09:59:35 423 1 13 62 77 21.0 61.4 32.06859345502293 118.79673171595486
2021-04-11 09:59:37 425 2 14 62 77 21.0 61.6 32.0685935699349 118.79673360876258
2021-04-11 09:59:39 427 2 15 62 77 21.1 61.8 32.068593784047465 118.79673540200075
2021-04-11 09:59:41 428 2 16 61 75 21.1 61.8 32.068594286347604 118.79673570110117
2021-04-11 09:59:43 430 2 17 61 75 21.1 61.8 32.06859508154793 118.79673510377718
2021-04-11 09:59:45 418 1 10 60 74 21.1 61.7 32.06859647039912 118.79673370979405
2021-04-11 09:59:47 419 1 11 59 73 21.1 61.5 32.06859706954732 118.79673361046736
2021-04-11 09:59:49 421 1 12 59 73 21.0 61.5 32.068597465576204 118.79673311256761
2021-04-11 09:59:51 423 1 13 58 72 21.0 61.5 32.06859506976881 118.79673360949324
2021-04-11 09:59:53 425 2 14 58 72 21.0 61.6 32.068593969890614 118.79673360895742
2021-04-11 09:59:55 427 2 15 58 72 21.0 61.6 32.06859197403862 118.79673410607761
2021-04-11 09:59:57 428 2 16 58 72 21.0 61.6 32.06859028443489 118.79673540029538
2021-04-11 09:59:59 418 1 10 58 72 21.0 61.6 32.06858808624868 118.79673559846104
2021-04-11 10:00:01 419 1 11 58 72 21.0 61.6 32.06858580298964 118.79673768933823
2021-04-11 10:00:03 421 1 12 57 70 21.0 61.8 32.06858360637281 118.79673808674147
2021-04-11 10:00:05 423 1 13 57 70 21.1 61.8 32.068582494719294 118.79673659192025
2021-04-11 10:00:07 425 2 14 57 70 21.1 61.8 32.06858247351904 118.79673390220871
2021-04-11 10:00:09 427 2 15 57 70 21.1 61.8 32.068581957866265 118.7967319095869
2021-04-11 10:00:11 428 2 16 58 72 21.1 61.8 32.06858155948145 118.79673210862954
2021-04-11 10:00:13 430 2 17 58 72 21.1 61.8 32.068582248406585 118.79673071430679
2021-04-11 10:00:15 418 1 10 59 73 21.2 61.8 32.0685835435491 118.7967301172277
2021-04-11 10:00:17 419 1 11 59 73 21.2 61.7 32.06858572994848 118.79672842478037
2021-04-11 10:00:19 421 1 12 60 74 21.3 61.6 32.06858693924468 118.79672962079125
2021-04-11 10:00:22 423 1 13 60 74 21.3 61.4 32.06858853906767 118.79672962157117
2021-04-11 10:00:24 425 2 14 60 74 21.4 61.2 32.06858804776507 118.79673071713474
2021-04-11 10:00:26 427 2 15 61 75 21.4 61.1 32.06858643537142 118.79672912245336
2021-04-11 10:00:28 428 2 16 61 75 21.4 60.9 32.068585014308184 118.79672643206322
2021-04-11 10:00:30 418 1 10 61 75 21.4 60.7 32.06858711338799 118.79671368194911
2021-04-11 10:00:32 419 1 11 60 74 21.4 60.6 32.06858922887438 118.79670302385101
2021-04-11 10:00:34 421 1 12 60 74 21.4 60.5 32.06859051927337 118.79670182906497
2021-04-11 10:00:36 423 1 13 60 74 21.4 60.5 32.06859276698183 118.79669525538299
2021-04-11 10:00:38 425 2 14 60 74 21.4 60.5 32.06859508069242 118.79668439818461
2021-04-11 10:00:40 427 2 15 61 75 21.3 60.5 32.06859679752742 118.79667393918795
2021-04-11 10:00:42 428 2 16 61 75 21.3 60.6 32.06859755315083 118.79666836098725
2021-04-11 10:00:44 430 2 17 61 75 21.4 60.7 32.06859743417291 118.79666597011605
2021-04-11 10:00:46 418 1 10 61 75 21.4 60.7 32.068596747701505 118.79666766327433
2021-04-11 10:00:48 419 1 11 61 75 21.4 60.8 32.068595569983565 118.7966704519839
2021-04-11 10:00:50 421 1 12 61 75 21.4 60.8 32.068592982134234 118.79667194498266
2021-04-11 10:00:52 423 1 13 61 75 21.5 60.7 32.06859131315642 118.79667582924615
2021-04-11 10:00:54 425 2 14 61 75 21.6 60.7 32.068590837711284 118.7966789171545
2021-04-11 10:00:56 427 2 15 61 75 21.6 60.6 32.068591676330556 118.79668379882061
2021-04-11 10:00:58 428 2 16 60 74 21.7 60.4 32.06859321800839 118.7966890793046
2021-04-11 10:01:00 418 1 10 60 74 21.7 60.3 32.06859444786159 118.79669286537595
2021-04-11 10:01:02 419 1 11 60 74 21.8 60.1 32.06859577059319 118.79669575493519
2021-04-11 10:01:04 421 1 12 60 74 21.8 60.0 32.06859819398396 118.79669874464983
2021-04-11 10:01:06 423 1 13 60 74 21.7 59.8 32.068598305798204 118.79670023897215
2021-04-11 10:01:08 425 2 14 59 73 21.7 59.8 32.06859750194527 118.79669974049135
2021-04-11 10:01:10 427 2 15 59 73 21.5 59.8 32.068598794705906 118.79669884456024
2021-04-11 10:01:12 428 2 16 59 73 21.4 59.9 32.068599205698504 118.79670023941037
2021-04-11 10:01:14 430 2 17 58 72 21.3 60.0 32.06859753031956 118.79670332674945
2021-04-11 10:01:16 418 1 10 58 72 21.5 60.2 32.068596253312315 118.79670621504837
2021-04-11 10:01:18 419 1 11 58 72 21.5 60.1 32.068595069986245 118.79670830645016
2021-04-11 10:01:20 421 1 12 59 73 21.5 60.1 32.06859388350664 118.79670999937895
2021-04-11 10:01:22 423 1 13 59 73 21.6 60.1 32.06859278205354 118.79670979960616
2021-04-11 10:01:24 425 2 14 59 73 21.6 60.0 32.068591883728054 118.79670999840455
2021-04-11 10:01:26 427 2 15 59 73 21.5 59.9 32.06859179161294 118.7967109945404
2021-04-11 10:01:28 428 2 16 60 74 21.4 59.9 32.068590421680405 118.79671477936137
2021-04-11 10:01:30 418 1 10 60 74 21.4 60.0 32.068589131267686 118.79671597415046
2021-04-11 10:01:32 419 1 11 61 75 21.4 60.1 32.06858843685323 118.79671667113931
2021-04-11 10:01:34 421 1 12 61 75 21.4 60.2 32.06858832584772 118.79671527643066
2021-04-11 10:01:36 423 1 13 62 77 21.4 60.3 32.06858841166994 118.79671348334577
2021-04-11 10:01:38 425 2 14 62 77 21.5 60.3 32.06858978159815 118.7967096985259
2021-04-11 10:01:40 427 2 15 62 77 21.4 60.3 32.06858887854788 118.79670929961351
2021-04-11 10:01:42 428 2 16 62 77 21.4 60.3 32.068587577904225 118.79670919936144
2021-04-11 10:01:44 418 1 10 63 78 21.3 60.3 32.068587370838515 118.79670830269812
2021-04-11 10:01:46 419 1 11 63 78 21.3 60.4 32.06858956980751 118.79670820415204
2021-04-11 10:01:48 421 1 12 62 77 21.1 60.5 32.06859039727905 118.79671169118751
2021-04-11 10:01:50 423 1 13 62 77 21.0 60.7 32.06859191521807 118.79671398314403
2021-04-11 10:01:52 425 2 14 62 77 20.9 60.9 32.068593093831005 118.7967112940292
2021-04-11 10:01:54 427 2 15 61 75 20.9 61.2 32.068592289195536 118.79671069592862
2021-04-11 10:01:56 428 2 16 61 75 20.8 61.4 32.068592885979584 118.79671029774714
2021-04-11 10:01:58 430 2 17 61 75 20.8 61.6 32.06859486607039 118.79670780826069
2021-04-11 10:02:00 418 1 10 60 74 20.8 61.7 32.068597353190476 118.79670621558408
2021-04-11 10:02:02 419 1 11 60 74 20.9 61.9 32.068599057728555 118.79670681412212
2021-04-11 10:02:04 421 1 12 60 74 21.0 62.0 32.068587342480065 118.79670471643648
2021-04-11 10:02:06 423 1 13 60 74 21.2 62.6 32.0685917151997 118.79670133155832
2021-04-11 10:02:08 425 2 14 61 75 21.2 62.9 32.06859121446684 118.7967012316964
2021-04-11 10:02:10 427 2 15 61 75 21.2 62.7 32.06859070348651 118.7966998367971
2021-04-11 10:02:12 428 2 16 61 75 21.3 62.2 32.068589514654995 118.79670123086795
2021-04-11 10:02:14 418 1 10 61 75 21.3 61.8 32.068588231349125 118.79670332221856
2021-04-11 10:02:16 419 1 11 62 77 21.3 61.5 32.068587246430475 118.79670521447947
2021-04-11 10:02:18 421 1 12 62 77 21.4 61.3 32.068585848948864 118.79670551265205
2021-04-11 10:02:20 423 1 13 61 75 21.4 61.1 32.06858505297635 118.79670601035382
2021-04-11 10:02:22 425 2 14 61 75 21.4 61.0 32.06858355708104 118.79670650771429
2021-04-11 10:02:25 425 2 14 61 75 21.4 60.9 32.06858275086735 118.79670571037717
2021-04-11 10:02:27 425 2 14 60 74 21.5 60.8 32.06858283746234 118.79670401691403
2021-04-11 10:02:29 428 2 16 60 74 21.5 60.7 32.06858274692821 118.79670521228537
2021-04-11 10:02:31 432 2 18 60 74 21.6 60.6 32.06858435699256 118.79670650810438
2021-04-11 10:02:33 434 2 19 59 73 21.7 60.5 32.068586566201404 118.79670770459771
2021-04-11 10:02:35 434 2 19 59 73 21.8 60.3 32.068589566657096 118.79670780567838
2021-04-11 10:02:37 432 2 18 59 73 21.8 60.2 32.0685912743447 118.79670880269096
2021-04-11 10:02:39 432 2 18 58 72 21.8 60.0 32.06859256947545 118.79670820561388
2021-04-11 10:02:41 432 2 18 58 72 21.9 59.9 32.06859335835984 118.79670681134604
2021-04-11 10:02:43 436 2 20 57 70 21.9 59.8 32.06859353233852 118.79670352403784
2021-04-11 10:02:45 439 3 22 57 70 22.0 59.8 32.06859352288191 118.79670232861814
2021-04-11 10:02:47 436 2 20 57 70 22.1 59.6 32.06859271508899 118.79670133204552
2021-04-11 10:02:49 432 2 18 57 70 22.1 59.3 32.06859150260964 118.79669973756867
2021-04-11 10:02:51 430 2 17 56 69 22.1 59.1 32.068592193071524 118.79669854249094
2021-04-11 10:02:53 430 2 17 56 69 22.1 58.9 32.06859218676372 118.79669774554522
2021-04-11 10:02:55 427 2 15 56 69 22.1 58.8 32.06859318744153 118.7966978456506
2021-04-11 10:02:57 423 1 13 55 68 22.0 58.6 32.06859479436052 118.796698742994
2021-04-11 10:02:59 421 1 12 55 68 21.9 58.6 32.068593992872245 118.79669854336785
2021-04-11 10:03:01 419 1 11 55 68 21.9 58.7 32.068592698535014 118.79669924006213
2021-04-11 10:03:03 418 1 10 54 67 21.9 58.8 32.068593306351914 118.79670023653692
2021-04-11 10:03:05 421 1 12 54 67 21.9 58.8 32.06859301663216 118.79670153142824
2021-04-11 10:03:07 423 1 13 54 67 21.9 58.9 32.0685928245356 118.79670252751372
2021-04-11 10:03:09 425 2 14 54 67 21.8 58.9 32.06859233877508 118.79670432039985
2021-04-11 10:03:11 427 2 15 54 67 21.8 59.0 32.068593030817865 118.79670332455761
2021-04-11 10:03:13 428 2 16 55 68 21.8 59.0 32.068593720495414 118.79670202986068
2021-04-11 10:03:15 418 1 10 55 68 21.8 59.1 32.06859480855068 118.79670053612239
2021-04-11 10:03:17 419 1 11 55 68 21.8 59.2 32.06859570056795 118.79669954037824
2021-04-11 10:03:19 421 1 12 55 68 21.8 59.2 32.06859570056795 118.79669954037824
2021-04-11 10:03:21 423 1 13 56 69 21.9 59.2 32.06859620997214 118.7967007360408
2021-04-11 10:03:23 425 2 14 56 69 21.9 59.1 32.06859651466822 118.79670133389652
2021-04-11 10:03:25 427 2 15 56 69 21.9 59.1 32.068597806641876 118.79670033834694
2021-04-11 10:03:27 428 2 16 56 69 22.0 59.1 32.06859899074157 118.79669834656649
2021-04-11 10:03:29 430 2 17 56 69 22.0 59.0 32.06859949068619 118.79669834680995
2021-04-11 10:03:31 418 1 10 56 69 22.0 58.9 32.06860020243448 118.79669984142423
2021-04-11 10:03:33 419 1 11 55 68 22.1 58.9 32.068601207841716 118.79670053923881
2021-04-11 10:03:35 421 1 12 55 68 22.2 58.9 32.068601025203535 118.79670273074369
2021-04-11 10:06:41 419 1 11 60 74 21.6 60.6 32.06864188463752 118.79674887390426
2021-04-11 10:06:43 421 1 12 60 74 21.7 60.5 32.068649517108696 118.79674041000997
2021-04-11 10:06:45 423 1 13 60 74 21.7 60.2 32.06863904917557 118.79673163850059
2021-04-11 10:06:47 425 2 14 60 74 21.8 60.0 32.06868621911508 118.79676662753698
2021-04-11 10:06:49 427 2 15 60 74 21.8 59.8 32.06870823930525 118.79679502970285
2021-04-11 10:06:51 428 2 16 60 74 22.0 59.7 32.06871537642563 118.79681266586553
2021-04-11 10:06:53 418 1 10 59 73 21.8 59.5 32.068697364432765 118.79681086402668
2021-04-11 10:06:55 419 1 11 59 73 21.9 59.4 32.06869591207337 118.79681694015369
2021-04-11 10:06:57 421 1 12 58 72 21.8 59.3 32.06868609527496 118.79681464415334
2021-04-11 10:06:59 423 1 13 57 70 21.9 59.4 32.06868469154064 118.79681414537498
2021-04-11 10:07:01 425 2 14 57 70 21.9 59.4 32.06867505369222 118.79680915971562
2021-04-11 10:07:03 427 2 15 57 70 21.9 59.3 32.06867665740658 118.79680965859077
2021-04-11 10:07:05 428 2 16 56 69 21.8 59.3 32.06867514200018 118.79680766545812
2021-04-11 10:07:07 430 2 17 56 69 21.8 59.4 32.06867232517753 118.79680547245717
2021-04-11 10:07:09 418 1 10 57 70 21.8 59.4 32.06867231738723 118.79680447625395
2021-04-11 10:07:11 419 1 11 57 70 21.7 59.5 32.068669805200216 118.79680288112071
2021-04-11 10:07:13 421 1 12 58 72 21.6 59.5 32.06866076411448 118.79679749727516
2021-04-11 10:07:15 423 1 13 58 72 21.5 59.6 32.068641491363394 118.7967879244474
2021-04-11 10:07:17 425 2 14 59 73 21.3 59.8 32.068634453885444 118.79678303967536
2021-04-11 10:07:19 427 2 15 59 73 21.2 60.1 32.06862691487845 118.79677795542331
2021-04-11 10:07:21 428 2 16 59 73 21.1 60.4 32.06862107722273 118.79677307123903
2021-04-11 10:07:23 418 1 10 59 73 21.0 60.7 32.068617255749395 118.79677028004188
2021-04-11 10:07:25 419 1 11 59 73 21.0 61.0 32.068613038224974 118.79676798674902
2021-04-11 10:07:27 421 1 12 59 73 20.9 61.3 32.068607716122465 118.79676509520398
2021-04-11 10:07:29 423 1 13 59 73 20.7 61.5 32.06860520387764 118.79676350007533
2021-04-11 10:07:31 425 2 14 59 73 20.6 61.9 32.06860329704361 118.79676260257521
2021-04-11 10:07:33 427 2 15 59 73 20.5 62.3 32.06859827959145 118.79676030889348
2021-04-11 10:07:35 428 2 16 59 73 20.4 62.6 32.06859266220072 118.7967580149192
2021-04-11 10:07:37 430 2 17 60 74 20.3 62.9 32.06859024680096 118.79675602136224
2021-04-11 10:07:39 418 1 10 60 74 20.2 63.3 32.068593239418306 118.79675512624995
2021-04-11 10:07:41 419 1 11 61 75 20.2 63.6 32.068593729177515 118.7967538314423
2021-04-11 10:07:43 421 1 12 62 77 20.2 63.8 32.06859693039025 118.79675403223962
2021-04-11 10:07:45 423 1 13 62 77 20.3 64.0 32.06860023080822 118.79675413346583
2021-04-11 10:07:47 425 2 14 62 77 20.4 64.0 32.06860594741188 118.79675632786557
2021-04-11 10:07:49 427 2 15 62 77 20.5 63.9 32.06860674497314 118.79675602939672
2021-04-11 10:07:51 428 2 16 61 75 20.7 63.9 32.068608439300895 118.79675533288835
2021-04-11 10:07:53 418 1 10 60 74 20.8 63.8 32.068607733110895 118.79675453559315
2021-04-11 10:07:55 419 1 11 59 73 20.9 63.5 32.06860660815666 118.79675134724059
2021-04-11 10:07:57 421 1 12 58 72 20.9 63.2 32.06860559259032 118.79674935436915
2021-04-11 10:07:59 423 1 13 58 72 21.0 62.9 32.068603195208176 118.79674965205888
2021-04-11 10:08:01 425 2 14 58 72 21.0 62.7 32.06860190632631 118.79675104609554
2021-04-11 10:08:03 427 2 15 59 73 20.9 62.5 32.068597179408656 118.79674755713438
2021-04-11 10:08:05 428 2 16 59 73 21.0 62.3 32.06859315475565 118.79674436737301
2021-04-11 10:08:07 430 2 17 59 73 21.2 62.2 32.06859004176289 118.79674267233763
2021-04-11 10:08:09 418 1 10 59 73 21.2 62.0 32.06858650997667 118.79673858625053
2021-04-11 10:08:11 419 1 11 59 73 21.2 61.8 32.06858601003197 118.79673858600675
2021-04-11 10:08:14 421 1 12 58 72 21.3 61.6 32.068584022025696 118.79674007931696
2021-04-11 10:08:16 423 1 13 58 72 21.3 61.4 32.06858552813765 118.79674087700076
2021-04-11 10:08:18 425 2 14 58 72 21.4 61.2 32.06858582653506 118.79674067790891
2021-04-11 10:08:20 427 2 15 58 72 21.4 61.1 32.068586526457615 118.79674067825019
2021-04-11 10:08:22 428 2 16 58 72 21.5 60.9 32.06858703424901 118.79674167468454
2021-04-11 10:08:24 418 1 10 58 72 21.5 60.8 32.06858716169451 118.79674516140203
2021-04-11 10:08:26 419 1 11 59 73 21.6 60.6 32.06858738519798 118.79674815007459
2021-04-11 10:08:28 421 1 12 60 74 21.5 60.4 32.06858919675864 118.7967496452402
2021-04-11 10:08:30 423 1 13 60 74 21.4 60.4 32.06859211133061 118.79675153941912
2021-04-11 10:08:32 425 2 14 61 75 21.4 60.4 32.06859391975211 118.79675263610817
2021-04-11 10:08:34 427 2 15 62 77 21.5 60.4 32.068595223526344 118.79675313483787
2021-04-11 10:08:36 428 2 16 62 77 21.5 60.4 32.06859541880236 118.79675253721953
2021-04-11 10:08:38 430 2 17 62 77 21.5 60.3 32.06859622733356 118.79675363342146
2021-04-11 10:08:40 418 1 10 62 77 21.4 60.3 32.06859793263005 118.79675433158457
2021-04-11 10:08:42 419 1 11 62 77 21.3 60.2 32.068593752680115 118.79675682002255
2021-04-11 10:08:44 421 1 12 62 77 21.3 60.3 32.06858863992744 118.79675512400833
2021-04-11 10:08:46 423 1 13 61 75 21.4 60.5 32.068582732745234 118.7967541249384
2021-04-11 10:08:48 425 2 14 61 75 21.3 60.4 32.06857842695209 118.79675332588637
2021-04-11 10:08:50 427 2 15 60 74 21.3 60.5 32.06857219628617 118.79674933808987
2021-04-11 10:08:52 428 2 16 60 74 21.2 60.5 32.068563698792325 118.79674953317675
2021-04-11 10:08:54 418 1 10 60 74 21.3 60.7 32.0685614029656 118.79675003014891
2021-04-11 10:08:56 419 1 11 60 74 21.4 60.8 32.06855789629623 118.79674913186498
2021-04-11 10:08:58 421 1 12 60 74 21.4 60.7 32.068557708076796 118.79675062605571
2021-04-11 10:09:00 423 1 13 60 74 21.4 60.7 32.06855890951213 118.79675082588089
2021-04-11 10:09:02 425 2 14 61 75 21.4 60.6 32.0685601148663 118.7967515238023
2021-04-11 10:09:04 427 2 15 61 75 21.4 60.6 32.06856319179174 118.79674863635944
2021-04-11 10:09:06 428 2 16 61 75 21.2 60.6 32.06856388387396 118.79674764050948
2021-04-11 10:09:08 430 2 17 61 75 21.4 61.1 32.06856618754055 118.79674813972916
2021-04-11 10:09:10 418 1 10 61 75 21.4 61.9 32.06857191356403 118.79675152956679
2021-04-11 10:09:12 419 1 11 61 75 21.5 62.3 32.06857613504178 118.79675432095715
2021-04-11 10:13:49 419 1 11 58 72 20.7 63.7 32.068581124302824 118.79675302834568
2021-04-11 10:13:51 421 1 12 57 70 20.7 63.5 32.068582238284975 118.79675482202984
2021-04-11 10:13:53 423 1 13 57 70 20.7 63.5 32.06858423806383 118.7967548230052
2021-04-11 10:13:55 425 2 14 56 69 20.7 63.4 32.06858672603434 118.79675332993439
2021-04-11 10:13:57 427 2 15 56 69 20.7 63.3 32.068590609929124 118.79675133944968
2021-04-11 10:13:59 428 2 16 55 68 20.7 63.3 32.06859160746707 118.7967510410792
2021-04-11 10:14:01 430 2 17 55 68 20.7 63.3 32.06859387820587 118.79674735628865
2021-04-11 10:14:03 418 1 10 54 67 20.7 63.2 32.06859656379121 118.79674556445883
2021-04-11 10:14:06 419 1 11 54 67 20.6 63.3 32.06859284302204 118.79674287294019
2021-04-11 10:14:08 421 1 12 54 67 20.6 63.4 32.068591121240175 118.79674008277797
2021-04-11 10:14:10 423 1 13 54 67 20.7 63.5 32.06859001586831 118.79673938490868
2021-04-11 10:14:12 425 2 14 55 68 20.6 63.5 32.068589986823596 118.79673569900605
2021-04-11 10:14:14 427 2 15 55 68 20.7 63.5 32.06859056319856 118.79673271073071
2021-04-11 10:14:16 428 2 16 56 69 20.7 63.4 32.06858976721409 118.79673320843533
2021-04-11 10:14:18 418 1 10 57 70 20.8 63.3 32.06858847285537 118.7967339051341
2021-04-11 10:14:20 419 1 11 57 70 20.8 63.3 32.06858698322966 118.79673519944903
2021-04-11 10:14:22 421 1 12 58 72 20.8 63.2 32.068585292839465 118.7967363940477
2021-04-11 10:14:24 423 1 13 59 73 20.9 63.2 32.06858299073852 118.79673609406927
2021-04-11 10:14:26 425 2 14 59 73 20.9 63.0 32.06858148697866 118.79673559524291
2021-04-11 10:14:28 427 2 15 59 73 21.1 62.9 32.068580279259244 118.79673459846813
2021-04-11 10:14:30 428 2 16 60 74 21.1 62.8 32.06857726466943 118.7967327042451
2021-04-11 10:14:32 430 2 17 60 74 21.1 62.6 32.06857756385085 118.79673260477259
2021-04-11 10:14:34 418 1 10 60 74 21.2 62.5 32.06857725838579 118.79673190729399
2021-04-11 10:14:36 419 1 11 60 74 21.4 62.5 32.06857574912502 118.79673071113558
2021-04-11 10:14:38 421 1 12 61 75 21.4 62.3 32.06857394068179 118.79672961444976
2021-04-11 10:14:40 423 1 13 61 75 21.4 62.0 32.068571241765675 118.79672971275046
2021-04-11 10:14:42 425 2 14 61 75 21.4 61.8 32.06856974743088 118.79673040934995
2021-04-11 10:14:44 427 2 15 61 75 21.4 61.6 32.068567051656935 118.79673090612555
2021-04-11 10:14:46 428 2 16 61 75 21.4 61.4 32.06856655328327 118.79673110511905
2021-04-11 10:14:48 418 1 10 62 77 21.5 61.3 32.06856655799647 118.79673170283225
2021-04-11 10:14:50 419 1 11 62 77 21.5 61.2 32.06856728462139 118.7967350902171
2021-04-11 10:14:52 421 1 12 62 77 21.4 61.1 32.068566790957945 118.79673588692444
2021-04-11 10:14:54 423 1 13 62 77 21.3 61.1 32.068568018299935 118.7967393741753
2021-04-11 10:14:56 425 2 14 62 77 21.2 61.2 32.068568823705206 118.79674007189926
2021-04-11 10:14:58 427 2 15 62 77 21.0 61.3 32.06856863628246 118.79674166570646
2021-04-11 10:15:00 428 2 16 62 77 20.7 61.6 32.06856703959751 118.79674206340131
2021-04-11 10:15:02 430 2 17 62 77 20.4 62.1 32.068568537862724 118.7967418648958
2021-04-11 10:15:04 418 1 10 62 77 20.1 62.9 32.06857052744124 118.79674057082467
2021-04-11 10:15:06 419 1 11 62 77 20.0 63.5 32.06857112423602 118.79674017264144
2021-04-11 10:15:08 421 1 12 63 78 19.9 64.0 32.06857463169661 118.79674117054059
2021-04-11 10:15:10 423 1 13 63 78 19.8 64.5 32.068575526889 118.79674057326554
2021-04-11 10:15:12 425 2 14 64 79 19.6 64.9 32.06857602134047 118.79673987617625
2021-04-11 10:15:14 427 2 15 65 80 19.5 65.4 32.06857702750797 118.79674067361658
2021-04-11 10:15:16 428 2 16 65 80 19.5 65.9 32.06857582764057 118.79674067303095
2021-04-11 10:15:18 418 1 10 66 82 19.6 66.1 32.06857411605665 118.79673917791568
2021-04-11 10:15:20 419 1 11 66 82 19.6 66.3 32.068574516012475 118.79673917811094
2021-04-11 10:15:22 421 1 12 66 82 19.6 66.4 32.068574823827355 118.79674017444768
2021-04-11 10:15:24 423 1 13 66 82 19.6 66.5 32.06857453092299 118.79674107087271
2021-04-11 10:15:26 425 2 14 65 80 19.7 66.6 32.06857503479103 118.79674156921209
2021-04-11 10:15:28 427 2 15 64 79 19.7 66.6 32.068575534735785 118.79674156945612
2021-04-11 10:15:30 428 2 16 63 78 19.7 66.6 32.06857653854837 118.79674206803949
2021-04-11 10:15:32 430 2 17 62 77 19.8 66.5 32.0685765526696 118.79674386118324
2021-04-11 10:15:34 418 1 10 62 77 19.9 66.3 32.06857656992501 118.79674605280428
2021-04-11 10:15:36 419 1 11 61 75 20.0 66.2 32.068576882438556 118.79674764685745
2021-04-11 10:15:38 421 1 12 60 74 20.1 66.0 32.06857769332666 118.79674904191666
2021-04-11 10:15:40 425 2 14 60 74 20.3 65.6 32.06857920335182 118.79675033769853
2021-04-11 10:15:42 427 2 15 59 73 20.4 65.3 32.068580716510375 118.79675203195771
2021-04-11 10:15:44 428 2 16 59 73 20.5 65.1 32.06858272490953 118.79675312874535
2021-04-11 10:15:46 430 2 17 58 72 20.6 64.8 32.06858421847446 118.79675233252254
2021-04-11 10:15:48 418 1 10 58 72 20.7 64.4 32.06858461216046 118.79675153576342
2021-04-11 10:15:50 419 1 11 58 72 20.9 64.2 32.068583601297625 118.79675014060625
2021-04-11 10:26:25 419 1 11 52 64 21.0 62.3 32.06860943635418 118.79678043741377
2021-04-11 10:26:27 421 1 12 52 64 21.0 62.3 32.06858814105733 118.79678072590158
2021-04-11 10:26:29 423 1 13 51 63 21.0 62.3 32.0685725333202 118.79676677158163
2021-04-11 10:26:31 425 2 14 49 61 20.8 62.3 32.06857004554278 118.79674286181917
2021-04-11 10:26:33 427 2 15 48 59 20.6 62.5 32.068570506250495 118.79673788111101
2021-04-11 10:26:35 428 2 16 47 58 20.5 62.7 32.06857575855153 118.79673190656199
2021-04-11 10:26:37 418 1 10 46 57 20.6 63.0 32.0685782362781 118.7967291184541
2021-04-11 10:26:39 419 1 11 46 57 20.6 63.2 32.06857724267422 118.7967299149168
2021-04-11 10:26:41 421 1 12 46 57 20.6 63.3 32.06857876843065 118.7967332030715
2021-04-11 10:26:43 423 1 13 47 58 20.7 63.4 32.06858128778593 118.7967356947643
2021-04-11 10:26:45 425 2 14 48 59 20.7 63.4 32.06858547318725 118.79673390367165
2021-04-11 10:26:47 427 2 15 48 59 20.7 63.3 32.06858661781416 118.79673958248947
2021-04-11 10:26:49 428 2 16 49 61 20.7 63.2 32.06858980254709 118.79673769128806
2021-04-11 10:26:51 430 2 17 50 62 20.6 63.2 32.06859832122769 118.79674018590426
2021-04-11 10:26:53 418 1 10 50 62 20.5 63.2 32.068593646855966 118.79674337142544
2021-04-11 10:26:55 419 1 11 51 63 20.5 63.4 32.06857619192444 118.79674884194627
2021-04-11 10:26:57 421 1 12 51 63 20.4 63.6 32.06856767561318 118.7967466461741
2021-04-11 10:26:59 423 1 13 51 63 20.5 63.8 32.06855735086648 118.79674335370909
2021-04-11 10:27:01 425 2 14 51 63 20.6 63.9 32.068551130365684 118.79674066096166
2021-04-11 10:27:03 427 2 15 52 64 20.6 63.9 32.068550834322195 118.79674115891017
2021-04-11 10:27:05 428 2 16 52 64 20.6 63.8 32.06855001793029 118.79673906651888
2021-04-11 10:27:07 418 1 10 53 65 20.5 63.7 32.068552122407915 118.79673966526045
2021-04-11 10:27:09 419 1 11 53 65 20.4 63.7 32.06855410648969 118.79673767385849
2021-04-11 10:27:11 421 1 12 54 67 20.4 63.8 32.06855512207731 118.7967396667278
2021-04-11 10:27:13 423 1 13 54 67 20.4 63.8 32.06855284743998 118.79674285341291
2021-04-11 10:27:15 425 2 14 54 67 20.3 63.9 32.06855357089452 118.79674584232905
2021-04-11 10:27:17 427 2 15 53 65 20.0 64.0 32.068556544678565 118.79674255636517
2021-04-11 10:27:19 428 2 16 53 65 19.9 64.4 32.06855500168046 118.79673707658472
2021-04-11 10:27:22 430 2 17 53 65 19.6 64.7 32.06855202581048 118.79672741213427
2021-04-11 10:27:24 418 1 10 53 65 19.5 65.2 32.0685545137457 118.79672591907547
2021-04-11 10:27:26 419 1 11 53 65 19.5 65.7 32.06855240375814 118.79672462300461
2021-04-11 10:27:28 421 1 12 53 65 19.4 66.0 32.06855119995957 118.7967241243239
2021-04-11 10:27:30 423 1 13 53 65 19.3 66.3 32.06854970641395 118.79672492053989
2021-04-11 10:27:32 425 2 14 53 65 19.1 66.7 32.068549497002074 118.79672372501724
2021-04-11 10:27:34 427 2 15 53 65 19.1 67.1 32.068548189282694 118.79672272819403
2021-04-11 10:27:36 428 2 16 52 64 19.1 67.4 32.068547004352965 118.79672462036238
2021-04-11 10:27:38 418 1 10 52 64 19.1 67.7 32.068545724932584 118.79672720981388
2021-04-11 10:27:40 419 1 11 52 64 19.0 67.9 32.06854542653741 118.79672740890459
2021-04-11 10:27:42 421 1 12 51 63 19.1 68.1 32.0685359040022 118.79672441568921
2021-04-11 10:27:44 423 1 13 51 63 19.1 68.3 32.06853588670476 118.79672222407758
2021-04-11 10:27:46 425 2 14 50 62 19.2 68.4 32.06853433495181 118.79671564851337
2021-04-11 10:27:48 427 2 15 49 61 19.4 68.8 32.06853439952026 118.79671116572918
2021-04-11 10:27:50 428 2 16 48 59 19.5 69.0 32.068536708656175 118.7966997107939
2021-04-11 10:30:01 418 1 10 12 14 19.8 66.2 32.06856509159878 118.79681239374
2021-04-11 10:30:03 419 1 11 12 14 19.8 66.2 32.0685553289584 118.79676596622083
2021-04-11 10:30:05 421 1 12 12 14 19.9 66.2 32.068551326419964 118.79674016296428
2021-04-11 10:30:07 423 1 13 12 14 19.9 66.3 32.068551275392 118.79673368773066
2021-04-11 10:30:09 425 2 14 12 14 20.0 66.3 32.06854911364716 118.79671316529733
2021-04-11 10:30:11 427 2 15 12 14 19.9 66.2 32.06854617291553 118.79669533224506
2021-04-11 10:30:13 428 2 16 12 14 19.7 66.1 32.06854696099565 118.79669383836445
2021-04-11 10:30:15 418 1 10 12 14 19.7 66.2 32.0685474680399 118.7966947351724
2021-04-11 10:30:17 419 1 11 12 14 19.6 66.3 32.068547779837466 118.79669622959165
2021-04-11 10:30:19 421 1 12 12 14 19.6 66.5 32.06855336041493 118.79670649296516
2021-04-11 10:30:21 423 1 13 12 14 19.6 66.6 32.06856063677691 118.7967162590961
2021-04-11 10:30:23 425 2 14 12 14 19.5 66.7 32.068564390641974 118.79672313459031
2021-04-11 10:30:25 427 2 15 12 14 19.5 66.8 32.06856594627908 118.79673020825624
2021-04-11 10:30:27 428 2 16 13 16 19.6 66.9 32.06856608318339 118.79673489039303
2021-04-11 10:30:29 430 2 17 13 16 19.6 66.9 32.068564806879664 118.79673787832697
2021-04-11 10:30:31 418 1 10 13 16 19.7 66.9 32.06856351251762 118.79673857502479
2021-04-11 10:30:33 419 1 11 13 16 19.8 66.8 32.06856431635375 118.79673907351076
2021-04-11 10:30:35 421 1 12 13 16 19.6 66.7 32.06856551308184 118.79673867562097
2021-04-11 10:30:37 423 1 13 13 16 19.5 66.6 32.06856610045624 118.79673708201014
2021-04-11 10:30:39 425 2 14 13 16 19.3 66.8 32.068567982973676 118.7967348913211
2021-04-11 10:30:41 427 2 15 12 14 19.3 67.1 32.068570969292345 118.79673319926447
2021-04-11 10:30:43 428 2 16 12 14 19.2 67.3 32.06857294864872 118.79673061015002
2021-04-11 10:30:45 418 1 10 11 13 19.2 67.6 32.06857492878493 118.79672812065554
2021-04-11 10:30:47 419 1 11 11 13 19.3 67.9 32.068576013731146 118.79672622843547
2021-04-11 10:30:49 421 1 12 11 13 19.3 67.9 32.068578197766435 118.79672423713403
2021-04-11 10:30:51 423 1 13 11 13 19.1 67.9 32.068579381908684 118.79672224534534
2021-04-11 10:30:53 425 2 14 11 13 18.8 68.0 32.06858046763147 118.79672045274584
2021-04-11 10:30:55 427 2 15 11 13 18.5 68.4 32.06858185725141 118.79671915838641
2021-04-11 10:30:57 428 2 16 11 13 18.2 69.0 32.0685829579164 118.79671925854151
2021-04-11 10:30:59 430 2 17 11 13 18.0 69.7 32.06858385545701 118.79671896012451
2021-04-11 10:31:01 418 1 10 11 13 17.9 70.3 32.068585152953275 118.79671866190256
2021-04-11 10:31:03 419 1 11 11 13 17.8 71.0 32.06858664964065 118.79671826415941
2021-04-11 10:31:05 421 1 12 11 13 17.8 71.4 32.06858934540831 118.79671776738245
2021-04-11 10:31:07 423 1 13 12 14 17.7 71.8 32.068590950738205 118.79671846549243
2021-04-11 10:31:09 425 2 14 12 14 17.7 72.2 32.06859236002275 118.79671966159809
2021-04-11 10:31:11 427 2 15 12 14 17.7 72.5 32.06859046495233 118.79672025838414
2021-04-11 10:31:13 428 2 16 12 14 17.7 72.8 32.06859186872986 118.79672075715962
2021-04-11 10:31:15 418 1 10 12 14 17.7 72.9 32.06859186401085 118.79672015944769
2021-04-11 10:31:17 419 1 11 12 14 17.7 73.0 32.068590960177715 118.79671966091594
2021-04-11 10:31:19 421 1 12 12 14 17.7 73.1 32.06858799275179 118.79672374381964
2021-04-11 10:31:21 423 1 13 12 14 17.8 73.2 32.068587482585606 118.79672244853276
2021-04-11 10:31:23 425 2 14 12 14 17.8 73.2 32.06858748022659 118.79672214967668
2021-04-11 10:31:25 427 2 15 13 16 17.9 73.1 32.06858637248432 118.79672115295368
2021-04-11 10:31:27 418 1 10 13 16 18.0 73.0 32.06858517261706 118.79672115236863
2021-04-11 10:31:29 425 2 14 13 16 18.1 72.8 32.06858447741297 118.79672174973936
2021-04-11 10:31:31 418 1 10 14 17 18.2 72.6 32.0685809494843 118.79671816176125
2021-04-11 10:31:33 419 1 11 14 17 18.3 72.4 32.068580449539574 118.79671816151735
2021-04-11 10:31:35 421 1 12 14 17 18.4 72.2 32.06857994251415 118.79671726470603
2021-04-11 10:31:37 421 1 12 14 17 18.5 71.9 32.06857912843903 118.79671547118143
2021-04-11 10:31:39 425 2 14 14 17 18.6 71.7 32.06857816159339 118.79671965467462
2021-04-11 10:31:41 427 2 15 14 17 18.7 71.4 32.06857791352119 118.79672622936262
2021-04-11 10:31:43 428 2 16 14 17 18.7 71.1 32.068581983193916 118.79672244585097
2021-04-11 10:31:45 418 1 10 13 16 18.7 70.8 32.06858199498784 118.79672394013159
2021-04-11 10:31:47 419 1 11 13 16 18.8 70.6 32.06858521428606 118.79672643216074
2021-04-11 10:31:49 421 1 12 13 16 18.9 70.3 32.06859148194649 118.7967351020233
2021-04-11 10:31:51 423 1 13 13 16 18.9 70.0 32.06859051973702 118.79673988324751
2021-04-11 10:31:53 425 2 14 13 16 18.9 69.8 32.068605620023135 118.79675284104316
2021-04-11 10:31:55 427 2 15 13 16 18.9 69.6 32.068622121662855 118.79677875005042
2021-04-11 10:31:57 428 2 16 13 16 18.9 69.5 32.068643605466036 118.79681532093844
2021-04-11 10:31:59 430 2 17 13 16 18.8 69.4 32.06866858680605 118.79686464525003
2021-04-11 10:32:01 418 1 10 13 16 18.8 69.5 32.068687474348806 118.79691496329694
2021-04-11 10:32:03 419 1 11 14 17 18.8 69.6 32.06870482384298 118.7969605988063
2021-04-11 10:32:05 421 1 12 14 17 18.8 69.6 32.06872059981123 118.79700992004788
2021-04-11 10:32:07 423 1 13 15 18 18.9 69.7 32.06874024289899 118.79705525862362
2021-04-11 10:32:09 425 2 14 15 18 18.9 69.7 32.068757555791635 118.79709681069623
2021-04-11 10:32:11 427 2 15 16 19 18.8 69.7 32.06876153340595 118.79713367426821
2021-04-11 10:32:13 428 2 16 17 21 18.8 69.6 32.0687697174867 118.79718498609684
2021-04-11 10:32:16 418 1 10 17 21 18.8 69.6 32.068785495297654 118.79724935344198
2021-04-11 10:32:18 419 1 11 18 22 18.8 69.6 32.06880185023323 118.79731113150518
2021-04-11 10:32:20 421 1 12 18 22 18.7 69.6 32.06880827516793 118.79736911960569
2021-04-11 10:32:22 423 1 13 19 23 18.8 69.6 32.06882128908386 118.79742611520192
2021-04-11 10:32:24 425 2 14 20 24 18.8 69.7 32.06883812692482 118.7974868993448
2021-04-11 10:32:26 427 2 15 22 27 18.8 69.6 32.06885253532089 118.79754399658468
2021-04-11 10:32:28 428 2 16 25 31 18.6 69.6 32.068875236273705 118.79760060023051
2021-04-11 10:32:30 430 2 17 28 34 18.7 69.8 32.06890548402557 118.79766438194716
2021-04-11 10:32:32 418 1 10 33 41 18.7 69.9 32.06893395055386 118.79773135204778
2021-04-11 10:32:34 419 1 11 38 47 18.7 69.9 32.06896579603801 118.79779593325758
2021-04-11 10:32:36 421 1 12 42 52 18.6 69.9 32.06899254651005 118.79786170858651
2021-04-11 10:32:38 423 1 13 46 57 18.6 70.0 32.069016815011224 118.79793067217832
2021-04-11 10:32:40 425 2 14 48 59 18.6 70.2 32.069052466410405 118.79799794807334
2021-04-11 10:32:42 427 2 15 50 62 18.6 70.2 32.069089408172516 118.79806442827784
2021-04-11 10:32:44 428 2 16 51 63 18.7 70.3 32.069129486749226 118.79812204222196
2021-04-11 10:32:46 419 1 11 52 64 18.8 70.2 32.069163685223806 118.7981830421018
2021-04-11 10:32:48 421 1 12 52 64 18.9 70.0 32.069192245854495 118.79823865906349
2021-04-11 10:32:50 423 1 13 53 65 18.9 69.9 32.069220681072295 118.79829078881701
2021-04-11 10:32:52 425 2 14 53 65 19.0 69.8 32.06925120776362 118.79834202319059
2021-04-11 10:32:54 427 2 15 52 64 19.0 69.6 32.069283522908094 118.79839186374804
2021-04-11 10:32:56 428 2 16 52 64 19.0 69.4 32.06931557236618 118.79844748454848
2021-04-11 10:32:58 430 2 17 52 64 19.1 69.3 32.06935320201287 118.7985005174447
2021-04-11 10:33:00 418 1 10 52 64 19.1 69.3 32.0693922338341 118.79855434873674
2021-04-11 10:33:02 419 1 11 53 65 19.2 69.2 32.06943332881906 118.79860270036612
2021-04-11 10:33:04 421 1 12 54 67 19.2 69.1 32.069477619999624 118.79865085451075
2021-04-11 10:33:06 423 1 13 55 68 19.3 69.0 32.069518136785675 118.79870349202136
2021-04-11 10:33:08 425 2 14 56 69 19.3 68.9 32.06955910927335 118.79876579725651
2021-04-11 10:33:10 427 2 15 57 70 19.3 68.8 32.069602306339945 118.7988161448523
2021-04-11 10:33:12 428 2 16 57 70 19.3 68.7 32.06964590037924 118.79886639340447
2021-04-11 10:33:14 418 1 10 57 70 19.3 68.7 32.069691187130054 118.79891584582722
2021-04-11 10:33:16 419 1 11 58 72 19.3 68.7 32.069725227704694 118.79897466226517
2021-04-11 10:33:18 421 1 12 58 72 19.4 68.7 32.06975617406162 118.79903497303653
2021-04-11 10:33:20 423 1 13 57 70 19.3 68.5 32.069790887990536 118.79909030280193
2021-04-11 10:33:22 425 2 14 57 70 19.2 68.6 32.06983596942135 118.79914065418436
2021-04-11 10:33:24 427 2 15 57 70 19.2 68.6 32.06987874424943 118.79919020767599
2021-04-11 10:33:26 428 2 16 57 70 19.2 68.7 32.06991971419454 118.79923926248917
2021-04-11 10:33:28 430 2 17 58 72 19.2 68.8 32.06995930081059 118.79929170597508
2021-04-11 10:33:30 418 1 10 58 72 19.2 68.9 32.070001878414054 118.79934305482969
2021-04-11 10:33:32 419 1 11 59 73 19.2 68.9 32.07004484261051 118.79939241085306
2021-04-11 10:33:34 421 1 12 59 73 19.2 68.9 32.07008818073911 118.79945592126296
2021-04-11 10:33:36 423 1 13 58 72 19.2 68.9 32.07011721319052 118.79951872881507
2021-04-11 10:33:38 425 2 14 58 72 19.1 68.9 32.070156040621114 118.79958154120443
2021-04-11 10:33:40 427 2 15 58 72 19.1 69.0 32.07019293184552 118.79963807381662
2021-04-11 10:33:42 428 2 16 57 70 19.0 69.2 32.0702339189715 118.79969450904089
2021-04-11 10:33:44 418 1 10 56 69 19.0 69.3 32.07027398943693 118.7997482531103
2021-04-11 10:33:46 419 1 11 55 68 18.9 69.4 32.07031544032059 118.79979870876959
2021-04-11 10:33:48 421 1 12 53 65 18.9 69.6 32.07035648682077 118.79984876600122
2021-04-11 10:33:50 423 1 13 52 64 18.9 69.7 32.070403076181286 118.79988796032112
2021-04-11 10:33:52 425 2 14 51 63 18.9 69.8 32.070435903775355 118.79993482515904
2021-04-11 10:33:54 427 2 15 51 63 18.9 69.9 32.07045464187929 118.79998387794372
2021-04-11 10:33:56 428 2 16 50 62 18.9 69.9 32.07047754142244 118.80002555602684
2021-04-11 10:33:58 430 2 17 50 62 19.0 69.9 32.070497771725634 118.80007391251523
2021-04-11 10:34:00 418 1 10 50 62 19.0 69.9 32.07051567594258 118.80011718443282
2021-04-11 10:34:02 419 1 11 51 63 19.0 70.0 32.07052787726331 118.80016005574745
2021-04-11 10:34:04 421 1 12 52 64 19.0 70.0 32.070532277963686 118.80018159057704
2021-04-11 10:34:06 423 1 13 52 64 19.0 70.0 32.070536657714705 118.80019873909725
2021-04-11 10:34:08 425 2 14 53 65 19.0 69.9 32.07055265696692 118.80022047803031
2021-04-11 10:34:10 427 2 15 54 67 19.0 69.8 32.070561636995414 118.80025956072909
2021-04-11 10:34:12 428 2 16 54 67 19.0 69.8 32.070552055061285 118.80030671165467
2021-04-11 10:34:14 418 1 10 55 68 18.9 69.7 32.070538114890226 118.80036343201984
2021-04-11 10:34:16 419 1 11 55 68 18.8 69.7 32.07053638643562 118.80042384661856
2021-04-11 10:34:18 421 1 12 55 68 18.9 69.9 32.07052964330286 118.8004815682321
2021-04-11 10:34:20 423 1 13 55 68 18.8 70.0 32.070514678990925 118.80053490062184
2021-04-11 10:34:22 425 2 14 55 68 18.8 70.0 32.07050409202979 118.80058374887895
2021-04-11 10:34:24 427 2 15 55 68 18.8 70.0 32.07049648876806 118.80062940842124
2021-04-11 10:34:26 428 2 16 56 69 18.9 70.1 32.07049717143336 118.80067247945388
2021-04-11 10:34:29 430 2 17 56 69 18.9 70.2 32.07048599472317 118.80072531705424
2021-04-11 10:34:31 418 1 10 58 72 18.8 70.3 32.07047261684964 118.80077845350854
2021-04-11 10:34:33 419 1 11 60 74 18.9 70.3 32.0704633235227 118.80082860105362
2021-04-11 10:34:35 421 1 12 62 77 18.8 70.3 32.07047453341789 118.80088085109156
2021-04-11 10:34:37 423 1 13 63 78 18.8 70.3 32.07051423394945 118.80090728889256
2021-04-11 10:34:39 425 2 14 65 80 18.7 70.3 32.07056215966517 118.8009153839161
2021-04-11 10:34:41 427 2 15 65 80 18.7 70.4 32.070601316564314 118.80088100050081
2021-04-11 10:34:43 428 2 16 65 80 18.7 70.5 32.07061712773786 118.80083484303067
2021-04-11 10:34:45 418 1 10 64 79 18.7 70.6 32.07062730021462 118.8008039385583
2021-04-11 10:34:47 419 1 11 64 79 18.7 70.7 32.07064359148111 118.80077802183969
2021-04-11 10:34:49 421 1 12 64 79 18.6 70.7 32.07065495588696 118.80074562265955
2021-04-11 10:34:51 423 1 13 63 78 18.6 70.8 32.07066559642475 118.80070773980785
2021-04-11 10:34:53 425 2 14 62 77 18.6 70.9 32.07068122730524 118.80066806456684
2021-04-11 10:34:55 427 2 15 61 75 18.6 71.0 32.07069754125721 118.80062480071327
2021-04-11 10:34:57 428 2 16 60 74 18.6 71.0 32.070717544726165 118.8005796443868
2021-04-11 10:34:59 430 2 17 60 74 18.6 71.0 32.070746630197654 118.80053110221661
2021-04-11 10:35:01 418 1 10 59 73 18.5 71.1 32.07075843204089 118.8004862427454
2021-04-11 10:35:03 419 1 11 59 73 18.5 71.2 32.070784245501656 118.80044487840239
2021-04-11 10:35:05 421 1 12 59 73 18.6 71.3 32.070810963437765 118.80040491048035
2021-04-11 10:35:07 418 1 10 58 72 18.6 71.4 32.070831390169694 118.80036703408867
2021-04-11 10:35:09 446 3 26 58 72 18.7 71.6 32.07084522914875 118.80033194693951
2021-04-11 10:35:11 482 6 46 59 73 18.8 72.0 32.0708607662498 118.80029676099603
2021-04-11 10:35:13 500 8 56 59 73 18.8 72.4 32.070876787818435 118.80025848503404
2021-04-11 10:35:15 497 7 54 59 73 18.9 72.4 32.070896920398056 118.80022300227675
2021-04-11 10:35:17 470 5 39 59 73 18.9 72.1 32.070913545717794 118.80018612279851
2021-04-11 10:35:19 445 3 25 59 73 18.9 71.7 32.07093455733396 118.8001467529903
2021-04-11 10:35:21 436 2 20 59 73 18.9 71.2 32.07095258735344 118.80011146964084
2021-04-11 10:35:23 430 2 17 59 73 18.8 70.9 32.07096999666137 118.80007209910171
2021-04-11 10:35:25 425 2 14 59 73 18.8 70.8 32.07098532646757 118.80003721404853
2021-04-11 10:35:27 425 2 14 59 73 18.8 70.6 32.07100285091687 118.8000015325645
2021-04-11 10:35:29 425 2 14 59 73 18.8 70.6 32.07102114715679 118.79996036890853
2021-04-11 10:35:31 428 2 16 59 73 18.9 70.6 32.07104027417119 118.79992578511205
2021-04-11 10:35:33 430 2 17 58 72 18.9 70.5 32.07105135268146 118.79990156578506
2021-04-11 10:35:35 434 2 19 58 72 18.9 70.4 32.071052545585694 118.7999001706394
2021-04-11 10:35:37 434 2 19 58 72 18.9 70.3 32.071053337555654 118.79989857597879
2021-04-11 10:35:39 434 2 19 58 72 19.0 70.3 32.07105577279358 118.79988561791895
2021-04-11 10:35:41 434 2 19 58 72 18.9 70.2 32.07106691944687 118.79985521844287
2021-04-11 10:35:43 436 2 20 58 72 19.0 70.2 32.07109309321363 118.79981096874648
2021-04-11 10:35:45 437 3 21 58 72 19.0 70.2 32.071117634377835 118.79976063828043
2021-04-11 10:35:47 437 3 21 58 72 19.0 70.1 32.07114185984053 118.79970771653217
2021-04-11 10:35:49 437 3 21 58 72 19.0 70.0 32.07116239145813 118.79965638889699
2021-04-11 10:35:51 434 2 19 58 72 19.0 70.0 32.071187303209605 118.79960187368648
2021-04-11 10:35:53 427 2 15 58 72 19.0 69.9 32.07121526148551 118.79953789089052
2021-04-11 10:35:55 423 1 13 58 72 19.0 69.8 32.07124032272018 118.7994751040092
2021-04-11 10:35:57 419 1 11 58 72 19.0 69.8 32.07127057405685 118.79941132304651
2021-04-11 10:35:59 418 1 10 58 72 19.0 69.9 32.07130413472786 118.79935003589216
2021-04-11 10:36:01 418 1 10 59 73 19.0 69.9 32.07134376995288 118.79928496411206
2021-04-11 10:36:03 419 1 11 59 73 19.0 69.9 32.071383395582565 118.79921889645786
2021-04-11 10:36:05 421 1 12 59 73 19.0 69.8 32.0714243191554 118.79915322877999
2021-04-11 10:36:07 423 1 13 59 73 19.0 69.8 32.07147347625638 118.79909434212819
2021-04-11 10:36:09 427 2 15 58 72 19.0 69.8 32.07151784461057 118.79903784643659
2021-04-11 10:36:11 430 2 17 58 72 19.0 69.8 32.07155652822968 118.79898433933478
2021-04-11 10:36:13 418 1 10 57 70 19.0 69.8 32.07158472361116 118.79893302182035
2021-04-11 10:36:15 419 1 11 57 70 18.9 69.9 32.07160967210712 118.79887412937985
2021-04-11 10:36:17 421 1 12 57 70 19.0 70.0 32.07163222871542 118.79880038734665
2021-04-11 10:36:19 418 1 10 57 70 19.0 70.2 32.07164681470421 118.79873212503513
2021-04-11 10:36:21 423 1 13 57 70 19.0 70.2 32.0716597002731 118.79866446107646
2021-04-11 10:36:23 427 2 15 57 70 19.0 70.3 32.07166524751617 118.79859111520297
2021-04-11 10:36:25 428 2 16 57 70 19.1 70.2 32.07166296847284 118.79851418027083
2021-04-11 10:36:27 425 2 14 57 70 19.1 70.1 32.07166132740878 118.79844412287372
2021-04-11 10:36:29 421 1 12 57 70 19.1 70.1 32.07165941625327 118.79837944762205
2021-04-11 10:36:31 421 1 12 56 69 19.1 69.9 32.071656952077056 118.79832264547171
2021-04-11 10:36:33 421 1 12 56 69 19.1 69.9 32.071657420073265 118.79827132571066
2021-04-11 10:36:35 421 1 12 55 68 19.1 69.8 32.07165260598399 118.79822299419531
2021-04-11 10:36:37 419 1 11 54 67 19.1 69.7 32.07164797922231 118.79817306886363
2021-04-11 10:36:39 418 1 10 54 67 19.1 69.6 32.07164326735029 118.79812573483603
2021-04-11 10:36:41 430 2 17 53 65 19.1 69.6 32.07164012991667 118.79807491419858
2021-04-11 10:36:44 418 1 10 53 65 19.1 69.5 32.07163574743222 118.7980177164237
2021-04-11 10:36:46 419 1 11 53 65 19.1 69.5 32.07163269820313 118.79796590051672
2021-04-11 10:36:48 421 1 12 53 65 19.0 69.5 32.07163135237531 118.79791498251726
2021-04-11 10:36:50 423 1 13 53 65 19.1 69.6 32.07163069996768 118.79786346743681
2021-04-11 10:36:52 418 1 10 53 65 19.1 69.5 32.0716370144566 118.79780767070737
2021-04-11 10:36:54 421 1 12 53 65 19.1 69.6 32.07163591333648 118.79774987935006
2021-04-11 10:36:56 423 1 13 53 65 19.1 69.6 32.071635521661484 118.79769388239758
2021-04-11 10:36:58 427 2 15 54 67 19.2 69.5 32.071634934914556 118.79763898202631
2021-04-11 10:37:00 430 2 17 54 67 19.3 69.4 32.071640768579385 118.79758747203601
2021-04-11 10:37:02 434 2 19 55 68 19.4 69.3 32.07164569069328 118.7975346670295
2021-04-11 10:37:04 437 3 21 55 68 19.4 69.2 32.071645514643954 118.79748235905242
2021-04-11 10:37:06 437 3 21 56 69 19.4 69.0 32.0716485057688 118.79743971705719
2021-04-11 10:37:08 437 3 21 56 69 19.5 68.8 32.07164489334168 118.79739667469477
2021-04-11 10:37:10 437 3 21 57 70 19.6 68.7 32.071649572147166 118.7973528384334
2021-04-11 10:37:12 436 2 20 57 70 19.6 68.5 32.071653762508625 118.79731079573877
2021-04-11 10:37:14 434 2 19 57 70 19.7 68.3 32.07165624194232 118.79726745764862
2021-04-11 10:37:16 430 2 17 58 72 19.6 68.2 32.07165843234023 118.79722581352374
2021-04-11 10:37:18 427 2 15 58 72 19.6 68.0 32.071658618499924 118.79718377056888
2021-04-11 10:37:20 425 2 14 58 72 19.6 67.9 32.071656704139 118.79714182689541
2021-04-11 10:37:22 432 2 18 58 72 19.6 67.9 32.07165597069978 118.7970975925746
2021-04-11 10:37:24 439 3 22 58 72 19.7 67.9 32.071657071597116 118.79704499076848
2021-04-11 10:37:26 439 3 22 58 72 19.6 67.8 32.07166633903541 118.79698850691555
2021-04-11 10:37:28 434 2 19 58 72 19.7 67.8 32.07168060823943 118.79693272271788
2021-04-11 10:37:30 430 2 17 57 70 19.6 67.7 32.07169570417177 118.79686787385974
2021-04-11 10:37:32 425 2 14 57 70 19.6 67.8 32.07170952792577 118.79679425885325
2021-04-11 10:37:34 423 1 13 56 69 19.5 67.8 32.07172607476069 118.7967242320741
2021-04-11 10:37:36 425 2 14 55 68 19.5 67.9 32.07174172609457 118.79665530174417
2021-04-11 10:37:38 427 2 15 53 65 19.4 68.0 32.07175921764089 118.79659195142776
2021-04-11 10:37:40 428 2 16 53 65 19.4 68.1 32.07177353102848 118.7965316888982
2021-04-11 10:37:42 430 2 17 52 64 19.3 68.4 32.0717830484102 118.79647222241117
2021-04-11 10:37:44 418 1 10 52 64 19.3 68.8 32.07179250661598 118.79641813566238
2021-04-11 10:37:46 419 1 11 52 64 19.2 69.1 32.07180237690729 118.796365842621
2021-04-11 10:37:48 421 1 12 53 65 19.2 69.4 32.071810892346335 118.79630717460562
2021-04-11 10:37:50 423 1 13 53 65 19.2 69.5 32.07181874047069 118.79625279023506
2021-04-11 10:37:52 425 2 14 54 67 19.1 69.7 32.07182377144998 118.7961966125745
2021-04-11 10:37:54 427 2 15 55 68 19.2 69.9 32.071827303250394 118.79614083346655
2021-04-11 10:37:56 428 2 16 56 69 19.2 70.1 32.07183179954934 118.7960930237584
2021-04-11 10:37:58 418 1 10 57 70 19.3 70.4 32.071835398359994 118.79603395882248
2021-04-11 10:38:00 421 1 12 57 70 19.3 70.6 32.071839694294795 118.79596324114482
2021-04-11 10:38:02 421 1 12 58 72 19.3 70.5 32.07184428699631 118.7958810702728
2021-04-11 10:38:04 423 1 13 58 72 19.3 70.3 32.07185114111006 118.79580667027054
2021-04-11 10:38:06 425 2 14 59 73 19.3 69.9 32.07185669413173 118.79573266930016
2021-04-11 10:38:08 427 2 15 59 73 19.2 69.5 32.07186357123497 118.79566195652852
2021-04-11 10:38:10 428 2 16 59 73 19.2 69.3 32.07187208624951 118.79559602586957
2021-04-11 10:38:12 430 2 17 59 73 19.2 69.2 32.07188236520879 118.79552651116333
2021-04-11 10:38:14 418 1 10 59 73 19.1 69.0 32.07189787596264 118.7954610824006
2021-04-11 10:38:16 419 1 11 58 72 19.1 69.0 32.071911830164886 118.7954008327664
2021-04-11 10:38:18 421 1 12 58 72 19.1 69.1 32.07192589808603 118.79535343120696
2021-04-11 10:38:20 423 1 13 58 72 18.9 69.1 32.07194460061729 118.7952991597435
2021-04-11 10:38:22 425 2 14 58 72 18.7 69.3 32.071965968777384 118.79525235891998
2021-04-11 10:38:24 427 2 15 57 70 18.6 69.7 32.071991682072486 118.7951998832632
2021-04-11 10:38:26 428 2 16 57 70 18.5 70.6 32.0720101101707 118.7951383432652
2021-04-11 10:38:28 418 1 10 57 70 18.6 71.3 32.07201817684787 118.79505967176341
2021-04-11 10:38:30 419 1 11 57 70 18.5 71.4 32.07202037012213 118.79498428587169
2021-04-11 10:38:32 421 1 12 58 72 18.4 71.5 32.07201665729998 118.79492981183036
2021-04-11 10:38:34 423 1 13 58 72 18.5 71.5 32.07200487254858 118.7948784228761
2021-04-11 10:38:36 425 2 14 59 73 18.5 71.5 32.07199348741782 118.7948272336909
2021-04-11 10:38:38 427 2 15 59 73 18.5 71.6 32.07198197435962 118.79477335623989
2021-04-11 10:38:40 428 2 16 59 73 18.5 71.6 32.07196780679936 118.79470364520459
2021-04-11 10:38:42 430 2 17 60 74 18.6 71.6 32.07195194931822 118.79464568482986
2021-04-11 10:38:44 418 1 10 60 74 18.6 71.6 32.071961563297286 118.79460605553994
2021-04-11 10:38:46 419 1 11 61 75 18.6 71.5 32.07196564937437 118.79459440617605
2021-04-11 10:38:48 419 1 11 61 75 18.7 71.3 32.0719716600639 118.79459560301815
2021-04-11 10:38:50 427 2 15 61 75 18.7 71.2 32.07197518005891 118.79458743872581
2021-04-11 10:38:52 432 2 18 61 75 18.8 71.0 32.07198053850571 118.79458325814383
2021-04-11 10:38:54 441 3 23 61 75 18.9 70.9 32.07198153357795 118.79457250404717
2021-04-11 10:38:57 448 3 27 60 74 19.0 70.7 32.07198158789251 118.79455756741686
2021-04-11 10:38:59 450 4 28 59 73 18.9 70.4 32.07197340759004 118.7945185305815
2021-04-11 10:39:01 441 3 23 57 70 18.9 70.3 32.07194626145402 118.79447261725187
2021-04-11 10:39:03 421 1 12 56 69 18.6 70.1 32.07191208734229 118.79443407058723
2021-04-11 10:39:05 423 1 13 55 68 18.5 70.2 32.071875827086814 118.7943970170795
2021-04-11 10:39:07 425 2 14 54 67 18.4 70.4 32.07184509024939 118.79437261144464
2021-04-11 10:39:09 427 2 15 53 65 18.4 70.6 32.071821098348245 118.79435288802513
2021-04-11 10:39:11 428 2 16 53 65 18.3 70.9 32.07180470888505 118.79434362234488
2021-04-11 10:39:13 430 2 17 53 65 18.2 71.1 32.07178147772883 118.79432001586854
2021-04-11 10:39:15 418 1 10 54 67 18.2 71.4 32.071760955273824 118.79428734923084
2021-04-11 10:39:17 419 1 11 55 68 18.1 71.6 32.07173592863705 118.79425428299487
2021-04-11 10:39:19 421 1 12 56 69 18.0 71.8 32.071708448489126 118.79421593882608
2021-04-11 10:39:21 423 1 13 57 70 17.9 72.0 32.07168249967912 118.79417092415392
2021-04-11 10:39:23 425 2 14 59 73 17.9 72.2 32.07165959808334 118.7941307897437
2021-04-11 10:39:25 427 2 15 60 74 17.9 72.4 32.07161876756801 118.79408766252892
2021-04-11 10:39:27 428 2 16 61 75 17.9 72.6 32.07157376553732 118.79404742163788
2021-04-11 10:39:29 418 1 10 61 75 18.0 72.8 32.071539648330905 118.7940059898055
2021-04-11 10:39:31 419 1 11 61 75 17.9 72.8 32.07149879293918 118.79397062951124
2021-04-11 10:39:33 421 1 12 61 75 17.9 72.9 32.071453150515545 118.79393656207544
2021-04-11 10:39:35 425 2 14 60 74 17.9 73.0 32.07141139834603 118.79390169955359
2021-04-11 10:39:37 427 2 15 59 73 17.9 73.1 32.07136942463903 118.79386484577492
2021-04-11 10:39:39 428 2 16 58 72 17.9 73.1 32.0713204312537 118.79383575573395
2021-04-11 10:39:41 430 2 17 57 70 17.9 73.2 32.07126948494581 118.7938112449867
2021-04-11 10:39:43 418 1 10 57 70 17.9 73.2 32.071232612859774 118.79380376464701
2021-04-11 10:39:45 419 1 11 56 69 17.8 73.2 32.07119104076128 118.79381549846264
2021-04-11 10:39:47 421 1 12 56 69 17.7 73.2 32.07114177994025 118.79383788287417
2021-04-11 10:39:49 423 1 13 57 70 17.7 73.4 32.071108785240746 118.79386694398654
2021-04-11 10:39:51 425 2 14 57 70 17.6 73.5 32.07107975952333 118.79389311922127
2021-04-11 10:39:53 427 2 15 58 72 17.6 73.6 32.07104290498766 118.79392616175413
2021-04-11 10:39:55 428 2 16 58 72 17.6 73.8 32.070979755136854 118.79393987883623
2021-04-11 10:39:57 418 1 10 58 72 17.6 73.9 32.07092387035141 118.79395031273484
2021-04-11 10:39:59 419 1 11 59 73 17.6 74.0 32.070875297671904 118.79396204358731
2021-04-11 10:40:01 421 1 12 59 73 17.6 74.1 32.070834509363166 118.79398214090297
2021-04-11 10:40:03 423 1 13 58 72 17.6 74.2 32.070800427903 118.79400303726985
2021-04-11 10:40:05 425 2 14 58 72 17.6 74.3 32.070754039139175 118.79403289012318
2021-04-11 10:40:07 427 2 15 57 70 17.5 74.4 32.070707161834534 118.79406393766124
2021-04-11 10:40:09 428 2 16 57 70 17.5 74.4 32.070655424802084 118.79408910881217
2021-04-11 10:40:11 430 2 17 57 70 17.5 74.5 32.07060429192807 118.79412463541549
2021-04-11 10:40:13 418 1 10 56 69 17.5 74.6 32.07056744438537 118.79416892985732
2021-04-11 10:40:15 419 1 11 56 69 17.5 74.6 32.07053592938113 118.79419679741522
2021-04-11 10:40:17 421 1 12 55 68 17.5 74.7 32.07048578716905 118.79423172734332
2021-04-11 10:40:19 423 1 13 55 68 17.5 74.7 32.07044591863739 118.79426427168053
2021-04-11 10:40:21 425 2 14 54 67 17.5 74.8 32.07040398226279 118.79430010120856
2021-04-11 10:40:23 427 2 15 54 67 17.5 74.8 32.070366685758515 118.7943401148125
2021-04-11 10:40:25 428 2 16 54 67 17.5 74.8 32.070328611690734 118.79438251810346
2021-04-11 10:40:27 418 1 10 54 67 17.6 74.8 32.07028703265593 118.79442452193244
2021-04-11 10:40:29 423 1 13 55 68 17.6 74.8 32.07024824491606 118.79446583008844
2021-04-11 10:40:31 425 2 14 55 68 17.6 74.8 32.07021265532251 118.79450713977415
2021-04-11 10:40:33 421 1 12 56 69 17.6 74.7 32.07018467022136 118.79455940631559
2021-04-11 10:40:35 425 2 14 56 69 17.5 74.7 32.070151970236154 118.79460002071916
2021-04-11 10:40:37 427 2 15 57 70 17.5 74.6 32.07011415699008 118.79463933873923
2021-04-11 10:40:39 428 2 16 58 72 17.5 74.6 32.070070970986166 118.79467118628014
2021-04-11 10:40:41 430 2 17 58 72 17.5 74.7 32.07004566657302 118.79469109173834
2021-04-11 10:40:43 418 1 10 60 74 17.5 74.7 32.070029074118466 118.79471239498089
2021-04-11 10:40:45 419 1 11 60 74 17.5 74.8 32.07001202386172 118.79474853563431
2021-04-11 10:40:47 421 1 12 61 75 17.5 74.8 32.06999362698544 118.79479035210058
2021-04-11 10:40:49 423 1 13 62 77 17.6 74.9 32.06997569754977 118.79481842670876
2021-04-11 10:40:51 425 2 14 63 78 17.6 74.9 32.069958972442905 118.79485755563772
2021-04-11 10:40:53 427 2 15 64 79 17.6 74.9 32.06994325814252 118.79490853571794
2021-04-11 10:40:55 428 2 16 64 79 17.6 74.8 32.06990497790556 118.79495243624552
2021-04-11 10:40:57 418 1 10 65 80 17.7 74.8 32.069868936883424 118.79500071976268
2021-04-11 10:40:59 419 1 11 65 80 17.7 74.8 32.069830121221024 118.79505189046954
2021-04-11 10:41:01 421 1 12 64 79 17.6 74.7 32.069790853390316 118.79510843911245
2021-04-11 10:41:03 423 1 13 64 79 17.6 74.7 32.06976102768697 118.79516997175257
2021-04-11 10:41:05 425 2 14 63 78 17.6 74.6 32.069719980947 118.79522940883227
2021-04-11 10:41:07 427 2 15 63 78 17.6 74.6 32.06967502256795 118.79528784888232
2021-04-11 10:41:09 428 2 16 62 77 17.6 74.5 32.06962663360291 118.79534320062605
2021-04-11 10:41:11 430 2 17 62 77 17.6 74.5 32.06959247171775 118.79539099000343
2021-04-11 10:41:13 418 1 10 61 75 17.6 74.5 32.069551629650064 118.79543001258365
2021-04-11 10:41:16 419 1 11 61 75 17.6 74.4 32.069503283816076 118.79547978823449
2021-04-11 10:41:18 421 1 12 60 74 17.7 74.4 32.06945481092013 118.79552677551021
2021-04-11 10:41:20 423 1 13 60 74 17.7 74.3 32.0694098986053 118.7955920904007
2021-04-11 10:41:22 425 2 14 60 74 17.7 74.3 32.06936330188522 118.79564824225791
2021-04-11 10:41:24 427 2 15 59 73 17.7 74.3 32.069316632181426 118.79570778092632
2021-04-11 10:41:26 428 2 16 59 73 17.7 74.3 32.069273630249526 118.79576403503108
2021-04-11 10:41:28 418 1 10 59 73 17.6 74.2 32.069232890154275 118.79582776074473
2021-04-11 10:41:30 419 1 11 59 73 17.7 74.3 32.06918046396346 118.7958586131849
2021-04-11 10:41:32 421 1 12 60 74 17.6 74.3 32.06913759590896 118.79589644222717
2021-04-11 10:41:34 423 1 13 60 74 17.6 74.3 32.0690979202276 118.79593357570752
2021-04-11 10:41:36 425 2 14 60 74 17.6 74.3 32.06906931155277 118.79595547516587
2021-04-11 10:41:38 427 2 15 60 74 17.6 74.4 32.06904123814748 118.79598155828701
2021-04-11 10:41:40 428 2 16 60 74 17.7 74.5 32.06901459630881 118.79602318047766
2021-04-11 10:41:42 430 2 17 59 73 17.6 74.4 32.068975525259034 118.79607316401884
2021-04-11 10:41:44 418 1 10 59 73 17.6 74.4 32.06894333507081 118.79613311187326
2021-04-11 10:41:46 419 1 11 59 73 17.6 74.4 32.06890842619142 118.79617921360038
2021-04-11 10:41:48 421 1 12 60 74 17.5 74.4 32.06887254413209 118.79621674888655
2021-04-11 10:41:50 423 1 13 60 74 17.5 74.5 32.06883737811732 118.7962563765157
2021-04-11 10:41:52 425 2 14 61 75 17.5 74.5 32.06880332155374 118.7962852470534
2021-04-11 10:41:54 427 2 15 62 77 17.5 74.6 32.06877791263872 118.79629589317689
2021-04-11 10:41:56 428 2 16 63 78 17.6 74.6 32.06874958948582 118.79631689736165
2021-04-11 10:41:58 418 1 10 64 79 17.6 74.7 32.068723758272604 118.79633700629421
2021-04-11 10:42:00 418 1 10 64 79 17.6 74.6 32.068691519227485 118.7963561160719
2021-04-11 10:42:02 421 1 12 64 79 17.7 74.6 32.068663622649524 118.79638050738309
2021-04-11 10:42:04 423 1 13 64 79 17.7 74.5 32.06865023836625 118.79639444654863
2021-04-11 10:42:06 430 2 17 63 78 17.7 74.5 32.06863565241532 118.7964081859363
2021-04-11 10:42:08 430 2 17 62 77 17.7 74.4 32.0686119648674 118.79642162208991
2021-04-11 10:42:10 428 2 16 61 75 17.7 74.4 32.06859356276766 118.79643336741162
2021-04-11 10:42:12 430 2 17 61 75 17.7 74.4 32.06858710812127 118.79643884296428
2021-04-11 10:42:14 434 2 19 60 74 17.7 74.3 32.068584230343724 118.79644153110608
2021-04-11 10:42:16 437 3 21 60 74 17.8 74.3 32.06858362878796 118.79644133158719
2021-04-11 10:42:18 439 3 22 60 74 17.8 74.2 32.06858076965131 118.79644631083475
2021-04-11 10:42:20 443 3 24 60 74 17.9 74.1 32.0685791998157 118.79644999574717
2021-04-11 10:42:22 443 3 24 59 73 17.9 74.0 32.06857520836044 118.79645098992935
2021-04-11 10:42:24 443 3 24 59 73 18.0 73.8 32.06857469788204 118.7964496947117
2021-04-11 10:42:26 443 3 24 59 73 18.0 73.7 32.06857331424171 118.79645168629581
2021-04-11 10:42:28 445 3 25 58 72 18.1 73.5 32.068572312731824 118.79645148658095
2021-04-11 10:42:30 446 3 26 58 72 18.1 73.4 32.06857102907727 118.79645347821446
2021-04-11 10:42:32 446 3 26 58 72 18.1 73.3 32.068570031617675 118.79645377656655
2021-04-11 10:42:34 450 4 28 58 72 18.2 73.1 32.0685675513307 118.79645616606867
2021-04-11 10:42:36 454 4 30 58 72 18.2 73.0 32.06856686598241 118.79645795876968
2021-04-11 10:42:38 454 4 30 57 70 18.2 72.9 32.06856483948116 118.79645467054813
2021-04-11 10:42:40 448 3 27 57 70 18.1 72.7 32.06856536371909 118.79645765919655
2021-04-11 10:42:42 441 3 23 57 70 18.1 72.6 32.06856936408718 118.79645776076343
2021-04-11 10:42:44 434 2 19 57 70 18.1 72.6 32.068569257620894 118.79645696380662
2021-04-11 10:42:46 428 2 16 55 68 18.1 72.7 32.06857156384424 118.79645776183746
2021-04-11 10:42:48 425 2 14 53 65 18.1 72.7 32.06857158165397 118.79645995333505
2021-04-11 10:42:50 427 2 15 51 63 18.1 72.7 32.06856242070345 118.79646463068102
2021-04-11 10:42:52 428 2 16 49 61 18.1 72.7 32.06855932994417 118.79646572491632
2021-04-11 10:42:54 428 2 16 46 57 18.2 72.7 32.06855884779369 118.79646791617294
2021-04-11 10:42:56 434 2 19 45 56 18.3 72.7 32.068558865583825 118.79647010767489
2021-04-11 10:42:58 439 3 22 45 56 18.3 72.5 32.06855718598223 118.79647259718818
2021-04-11 10:43:00 446 3 26 45 56 18.4 72.4 32.06855650303236 118.79647468873613
2021-04-11 10:43:02 457 4 32 45 56 18.4 72.3 32.06855521691286 118.79647638153602
2021-04-11 10:43:04 472 5 40 46 57 18.5 72.2 32.068554527493234 118.7964776761742
2021-04-11 10:43:06 477 6 43 48 59 18.5 72.1 32.06855355102835 118.79648056448896
2021-04-11 10:43:08 473 5 41 49 61 18.6 71.9 32.06854909835194 118.79648633990026
2021-04-11 10:43:10 466 5 37 50 62 18.6 71.8 32.068537602039186 118.79648663311299
2021-04-11 10:43:12 459 4 33 52 64 18.5 71.6 32.068528939280995 118.7965034636063
2021-04-11 10:43:14 454 4 30 53 65 18.5 71.6 32.0685183777434 118.79653284464108
2021-04-11 10:43:16 452 4 29 54 67 18.4 71.6 32.068497181375285 118.7965578375473
2021-04-11 10:43:18 448 3 27 55 68 18.3 71.6 32.068482590915565 118.79658373034941
2021-04-11 10:43:20 450 4 28 56 69 18.3 71.8 32.068481492015636 118.79660883299523
2021-04-11 10:43:22 455 4 31 56 69 18.3 71.9 32.06847476139771 118.79662994832897
2021-04-11 10:43:24 461 4 34 57 70 18.3 72.0 32.06845484377744 118.79663999977558
2021-04-11 10:43:26 464 5 36 57 70 18.3 72.1 32.068431420724195 118.79666190391
2021-04-11 10:43:28 466 5 37 58 72 18.3 72.2 32.068412169412426 118.79669297500432
2021-04-11 10:43:31 464 5 36 58 72 18.3 72.3 32.068401519233674 118.79673710056299
2021-04-11 10:43:33 457 4 32 59 73 18.2 72.4 32.06839145476119 118.79677963288192
2021-04-11 10:43:35 452 4 29 60 74 18.2 72.4 32.06837397859283 118.79682076718215
2021-04-11 10:43:37 448 3 27 61 75 18.1 72.5 32.068366836172004 118.79686658914758
2021-04-11 10:43:39 450 4 28 61 75 18.2 72.5 32.06835017366319 118.79690991622826
2021-04-11 10:43:41 454 4 30 61 75 18.2 72.7 32.068334686367855 118.79695025557172
2021-04-11 10:43:43 455 4 31 61 75 18.1 72.7 32.06831512473918 118.79699408001623
2021-04-11 10:43:45 455 4 31 61 75 18.1 72.9 32.0682953057573 118.79701748170301
2021-04-11 10:43:47 448 3 27 61 75 18.1 73.0 32.06827694220264 118.79704825643954
2021-04-11 10:43:49 445 3 25 61 75 18.0 73.0 32.0682629803458 118.79707943206708
2021-04-11 10:43:51 437 3 21 60 74 17.9 73.0 32.06825476585979 118.7971170864716
2021-04-11 10:43:53 434 2 19 60 74 17.9 73.2 32.06824125889092 118.79715583438465
2021-04-11 10:43:55 430 2 17 60 74 17.9 73.3 32.06821105698372 118.79718182182204
2021-04-11 10:43:57 430 2 17 61 75 17.8 73.4 32.06817948283821 118.7972115945189
2021-04-11 10:43:59 430 2 17 62 77 17.9 73.5 32.068149910632975 118.7972417668794
2021-04-11 10:44:01 428 2 16 62 77 17.9 73.6 32.06813382093433 118.7972834036345
2021-04-11 10:44:03 427 2 15 63 78 17.8 73.6 32.06811312355818 118.79732414170184
2021-04-11 10:44:05 425 2 14 64 79 17.8 73.7 32.06809650513183 118.79737594123827
2021-04-11 10:44:07 425 2 14 64 79 17.8 73.7 32.068078880767 118.79742724262779
2021-04-11 10:44:09 428 2 16 64 79 17.8 73.8 32.06807578844086 118.79748353366351
2021-04-11 10:44:11 432 2 18 64 79 17.9 73.8 32.06807182909842 118.79753085778705
2021-04-11 10:44:13 436 2 20 63 78 17.9 73.7 32.06807692071101 118.79758575930688
2021-04-11 10:44:15 437 3 21 62 77 17.9 73.7 32.06808138077331 118.79763657601369
2021-04-11 10:44:17 437 3 21 61 75 18.0 73.6 32.06808191579372 118.79768410319525
2021-04-11 10:44:19 437 3 21 60 74 17.9 73.6 32.06807949150792 118.79773770728035
2021-04-11 10:44:21 434 2 19 60 74 17.9 73.6 32.06807422149979 118.79779948096635
2021-04-11 10:44:23 432 2 18 59 73 17.9 73.7 32.068071347762256 118.79786125666465
2021-04-11 10:44:25 432 2 18 59 73 17.9 73.7 32.06806872910147 118.79791695509068
2021-04-11 10:44:27 428 2 16 59 73 17.9 73.7 32.0680626782924 118.79796826808203
2021-04-11 10:44:29 428 2 16 58 72 17.9 73.7 32.06805546536434 118.79802555969204
2021-04-11 10:44:31 428 2 16 58 72 17.9 73.7 32.06804926624853 118.79807039679156
2021-04-11 10:44:33 428 2 16 58 72 17.9 73.7 32.06804264789089 118.79812768991496
2021-04-11 10:44:35 427 2 15 58 72 17.9 73.7 32.06805300904136 118.79818260090066
2021-04-11 10:44:37 421 1 12 57 70 17.8 73.7 32.06806317588478 118.79823880784636
2021-04-11 10:44:39 418 1 10 57 70 17.8 73.8 32.0680512756722 118.79828474015622
2021-04-11 10:44:41 418 1 10 57 70 17.8 73.8 32.068057603033104 118.79833556516918
2021-04-11 10:44:43 418 1 10 58 72 17.7 73.9 32.068059131052806 118.79838678686426
2021-04-11 10:44:45 419 1 11 58 72 17.7 74.0 32.06805648927094 118.79844308928155
2021-04-11 10:44:47 421 1 12 59 73 17.7 74.0 32.0680658088839 118.79849391751456
2021-04-11 10:44:49 418 1 10 60 74 17.7 74.1 32.068069367705256 118.79855132059251
2021-04-11 10:44:51 421 1 12 60 74 17.7 74.1 32.068075310292635 118.7986066327945
2021-04-11 10:44:53 425 2 14 61 75 17.8 74.2 32.06806787829377 118.79866632372732
2021-04-11 10:44:55 428 2 16 61 75 17.8 74.2 32.06804840732338 118.79871993001314
2021-04-11 10:44:57 432 2 18 62 77 17.9 74.2 32.06805368605478 118.79876607511302
2021-04-11 10:44:59 434 2 19 62 77 17.9 74.1 32.06805004182617 118.79882527169066
2021-04-11 10:45:01 436 2 20 61 75 17.9 74.0 32.06804736884773 118.79888018402157
2021-04-11 10:45:03 436 2 20 60 74 17.9 74.0 32.06804512622056 118.79892373557237
2021-04-11 10:45:05 432 2 18 60 74 17.9 73.9 32.068039306992866 118.79895442900525
2021-04-11 10:45:07 423 1 13 59 73 17.9 73.9 32.068031584757954 118.79898472299784
2021-04-11 10:45:09 419 1 11 59 73 17.9 73.8 32.068024167988035 118.79901611365919
2021-04-11 10:45:11 430 2 17 59 73 17.9 73.8 32.06803265727122 118.79904900771773
2021-04-11 10:45:13 418 1 10 59 73 17.9 73.8 32.06804508854931 118.79908947871205
2021-04-11 10:45:15 418 1 10 59 73 17.9 73.8 32.06805805067835 118.79911808987063
2021-04-11 10:45:17 418 1 10 59 73 17.9 73.8 32.06807179161149 118.79916075482474
2021-04-11 10:45:19 418 1 10 60 74 17.9 73.7 32.068083101414274 118.79918039535013
2021-04-11 10:45:21 425 2 14 60 74 17.9 73.7 32.06807982207106 118.79921956369388
2021-04-11 10:45:23 427 2 15 60 74 17.9 73.6 32.068080809741524 118.79925315300818
2021-04-11 10:45:25 428 2 16 60 74 17.9 73.6 32.06807450539605 118.79928823389093
2021-04-11 10:45:27 418 1 10 60 74 17.9 73.6 32.06806656259125 118.7993346768064
2021-04-11 10:45:29 419 1 11 59 73 17.9 73.7 32.06807010383296 118.7993604937847
2021-04-11 10:45:31 418 1 10 59 73 17.9 73.7 32.068056804892855 118.79937872709442
2021-04-11 10:45:33 421 1 12 59 73 17.9 73.7 32.06805243397145 118.79940234743185
2021-04-11 10:45:35 425 2 14 59 73 17.9 73.7 32.06806395332126 118.79942458061994
2021-04-11 10:45:37 428 2 16 60 74 17.9 73.6 32.06807386430813 118.79944531796464
2021-04-11 10:45:39 427 2 15 60 74 17.9 73.7 32.06808327172665 118.79946545708938
2021-04-11 10:45:41 421 1 12 61 75 17.9 73.6 32.06808462387245 118.79949386523397
2021-04-11 10:45:43 418 1 10 61 75 17.8 73.6 32.06808759735233 118.79952646078542
2021-04-11 10:45:45 419 1 11 62 77 17.8 73.7 32.06809445835631 118.79955696534174
2021-04-11 10:45:47 421 1 12 63 78 17.8 73.8 32.068096762814214 118.79957680227402
2021-04-11 10:45:50 423 1 13 64 79 17.8 73.9 32.06809715715443 118.79959474443544
2021-04-11 10:45:52 425 2 14 65 80 17.7 74.0 32.068100746159935 118.79961179119923
2021-04-11 10:45:54 427 2 15 65 80 17.7 74.1 32.06810353809498 118.79962943568829
2021-04-11 10:45:56 428 2 16 65 80 17.7 74.1 32.068104632505104 118.79964757777005
2021-04-11 10:45:58 418 1 10 65 80 17.7 74.2 32.068101277412396 118.79965614844478
2021-04-11 10:46:00 419 1 11 64 79 17.8 74.2 32.06808976307847 118.79965315217548
2021-04-11 10:46:02 419 1 11 64 79 17.8 74.2 32.06808421129295 118.79964308176069
2021-04-11 10:46:04 423 1 13 63 78 17.8 74.2 32.06807814178349 118.79962962203062
2021-04-11 10:46:06 427 2 15 62 77 17.9 74.1 32.06807256318461 118.7996144680608
2021-04-11 10:46:08 432 2 18 61 75 17.9 74.1 32.06806966525292 118.79959572711488
2021-04-11 10:46:10 434 2 19 59 73 18.0 73.9 32.06806287211977 118.79957788133991
2021-04-11 10:46:12 436 2 20 58 72 18.0 73.8 32.06806813737053 118.79955246638194
2021-04-11 10:46:14 434 2 19 57 70 18.0 73.7 32.06806279463381 118.79952545129436
2021-04-11 10:46:16 432 2 18 56 69 17.9 73.7 32.068054444062426 118.79949703935756
2021-04-11 10:46:18 428 2 16 56 69 18.0 73.7 32.06805224118692 118.79945916163601
2021-04-11 10:46:20 428 2 16 56 69 17.9 73.7 32.068049521351554 118.79941839341221
2021-04-11 10:46:22 428 2 16 56 69 17.9 73.7 32.068043064997525 118.79938948473438
2021-04-11 10:46:24 432 2 18 57 70 17.9 73.7 32.0680474160077 118.79936227623382
2021-04-11 10:46:26 434 2 19 57 70 18.0 73.8 32.068037620344946 118.79934462914919
2021-04-11 10:46:28 434 2 19 58 72 18.0 73.8 32.06803902377685 118.79932708756805
2021-04-11 10:46:30 432 2 18 58 72 18.0 73.7 32.068029827466354 118.79930944092186
2021-04-11 10:46:32 428 2 16 59 73 18.0 73.6 32.06802101812351 118.79928950210024
2021-04-11 10:46:34 427 2 15 60 74 18.0 73.5 32.068015895832936 118.79926737250682
2021-04-11 10:46:36 427 2 15 60 74 17.9 73.5 32.06801421370007 118.79923467975912
2021-04-11 10:46:38 427 2 15 60 74 17.9 73.4 32.068012643575564 118.79918653857958
2021-04-11 10:46:40 428 2 16 59 73 18.0 73.5 32.068014365836675 118.79913750258363
2021-04-11 10:46:42 428 2 16 58 72 18.0 73.5 32.06801269703946 118.79909035902342
2021-04-11 10:46:44 432 2 18 58 72 18.0 73.4 32.06801139278767 118.79905477738856
2021-04-11 10:46:46 432 2 18 57 70 18.0 73.4 32.068020411380445 118.79904082879662
2021-04-11 10:46:48 432 2 18 57 70 18.0 73.4 32.06803384086694 118.79902887582668
2021-04-11 10:46:50 428 2 16 58 72 17.9 73.4 32.06805752976045 118.79902739302956
2021-04-11 10:46:52 419 1 11 58 72 17.9 73.5 32.06808034295635 118.79903009571267
2021-04-11 10:46:54 428 2 16 59 73 17.8 73.5 32.06812486663092 118.79905234399143
2021-04-11 10:46:56 430 2 17 60 74 17.7 73.7 32.068189390853014 118.79904041692089
2021-04-11 10:46:58 418 1 10 60 74 17.7 73.8 32.06823493204631 118.79904841326287
2021-04-11 10:47:00 419 1 11 61 75 17.7 74.0 32.06827233668944 118.79904992712311
2021-04-11 10:47:02 421 1 12 62 77 17.7 74.1 32.06832927711883 118.79904068678108
2021-04-11 10:47:04 423 1 13 62 77 17.7 74.3 32.06836539337222 118.7990441931442
2021-04-11 10:47:06 425 2 14 63 78 17.7 74.4 32.068411105684156 118.79904720588675
2021-04-11 10:47:08 427 2 15 64 79 17.7 74.5 32.06844159720025 118.7990463240198
2021-04-11 10:47:10 428 2 16 64 79 17.7 74.5 32.06847007511916 118.79904304913013
2021-04-11 10:47:12 418 1 10 65 80 17.7 74.6 32.06850259456884 118.79904705180813
2021-04-11 10:47:14 419 1 11 65 80 17.7 74.5 32.068558895856164 118.79904837511334
2021-04-11 10:47:16 421 1 12 66 82 17.8 74.4 32.06860840704803 118.79905128961497
2021-04-11 10:47:18 423 1 13 66 82 17.7 74.4 32.06868867494609 118.79903000006951
2021-04-11 10:47:20 425 2 14 66 82 17.8 74.3 32.06871654496535 118.7990426710787
2021-04-11 10:47:22 427 2 15 67 83 17.8 74.3 32.06875321494089 118.799038203756
2021-04-11 10:47:24 428 2 16 66 82 17.8 74.3 32.06879617725302 118.79903254339246
2021-04-11 10:47:26 430 2 17 66 82 17.8 74.2 32.068829491908495 118.79903574859787
2021-04-11 10:47:28 418 1 10 65 80 17.9 74.2 32.06887852661389 118.7990427485143
2021-04-11 10:47:30 419 1 11 64 79 17.9 74.1 32.068939992510636 118.7990380932654
2021-04-11 10:47:32 421 1 12 62 77 17.9 74.0 32.06900017599342 118.79901918505556
2021-04-11 10:47:34 423 1 13 61 75 17.9 73.9 32.069041575762945 118.79900275962427
2021-04-11 10:47:36 425 2 14 60 74 17.8 73.8 32.06907911701956 118.79897626624644
2021-04-11 10:47:38 427 2 15 60 74 17.8 73.8 32.06911012564763 118.7989441887476
2021-04-11 10:47:40 428 2 16 59 73 17.8 73.8 32.069147305355735 118.7989244725148
2021-04-11 10:47:42 418 1 10 59 73 17.8 73.8 32.06917642149927 118.79891083204141
2021-04-11 10:47:44 419 1 11 59 73 17.8 73.9 32.06921462106508 118.79889460449009
2021-04-11 10:47:46 421 1 12 59 73 17.8 73.9 32.06926089989719 118.7988582488276
2021-04-11 10:47:48 423 1 13 59 73 17.7 73.9 32.069288948649266 118.79881670269039
2021-04-11 10:47:50 425 2 14 59 73 17.7 74.0 32.06931522539541 118.79878003943422
2021-04-11 10:47:52 427 2 15 59 73 17.7 74.1 32.06935176172656 118.79875364600649
2021-04-11 10:47:54 428 2 16 59 73 17.7 74.1 32.06939310890129 118.79872924800476
2021-04-11 10:47:56 430 2 17 59 73 17.8 74.1 32.069411793428806 118.79871062012361
2021-04-11 10:47:58 418 1 10 60 74 17.9 74.1 32.06942138481231 118.79869298481876
2021-04-11 10:48:00 419 1 11 60 74 17.9 74.1 32.06943249273936 118.79866179675878
2021-04-11 10:48:02 423 1 13 61 75 17.9 74.0 32.069430111090696 118.79861595328265
2021-04-11 10:48:04 427 2 15 61 75 18.0 73.9 32.06941562710179 118.79856980586887
2021-04-11 10:48:06 430 2 17 61 75 18.0 73.8 32.069383384419076 118.79853022816003
2021-04-11 10:48:09 432 2 18 62 77 18.1 73.7 32.06935586444398 118.7984786943555
2021-04-11 10:48:11 432 2 18 62 77 18.1 73.5 32.06932929624476 118.79843573166555
2021-04-11 10:48:13 428 2 16 63 78 18.1 73.4 32.069306022121225 118.79839217290666
2021-04-11 10:48:15 425 2 14 63 78 18.1 73.3 32.06927747500609 118.79835299678501
2021-04-11 10:48:17 419 1 11 63 78 18.0 73.2 32.06924769509843 118.79830893750511
2021-04-11 10:48:19 423 1 13 63 78 18.0 73.3 32.06922021570603 118.7982652782375
2021-04-11 10:48:21 425 2 14 63 78 18.0 73.4 32.06919559771915 118.79821604031841
2021-04-11 10:48:23 427 2 15 63 78 17.9 73.4 32.06916778968386 118.79816859506536
2021-04-11 10:48:25 428 2 16 63 78 17.9 73.5 32.06914145693168 118.79811776293927
2021-04-11 10:48:27 430 2 17 64 79 17.9 73.5 32.06911263739479 118.79806922201357
2021-04-11 10:48:29 418 1 10 64 79 17.9 73.6 32.06908111734192 118.79802087957283
2021-04-11 10:48:31 419 1 11 65 80 17.9 73.6 32.06904778051424 118.79797034456475
2021-04-11 10:48:33 421 1 12 66 82 17.9 73.6 32.06902091070249 118.79791542878412
2021-04-11 10:48:35 423 1 13 66 82 17.9 73.7 32.06899400116256 118.79785513294844
2021-04-11 10:48:37 425 2 14 67 83 17.8 73.7 32.06896642356668 118.79779991915036
2021-04-11 10:48:39 427 2 15 68 84 17.8 73.7 32.06893994583539 118.79774510501565
2021-04-11 10:48:41 428 2 16 68 84 17.8 73.7 32.06891950655301 118.79768202438633
2021-04-11 10:48:43 418 1 10 69 85 17.8 73.8 32.068905854394444 118.79761775212339
2021-04-11 10:48:45 419 1 11 69 85 17.8 73.8 32.06889070933659 118.79755497451464
2021-04-11 10:48:47 421 1 12 69 85 17.9 73.9 32.06887846898388 118.79749339467966
2021-04-11 10:48:49 423 1 13 69 85 17.9 73.9 32.06886433915159 118.79743370773136
2021-04-11 10:48:51 425 2 14 68 84 17.9 73.9 32.06885059367104 118.79737232794767
2021-04-11 10:48:53 427 2 15 67 83 18.0 73.8 32.068831959289994 118.79731283956477
2021-04-11 10:48:55 428 2 16 66 82 17.9 73.7 32.06881800418234 118.79725106264742
2021-04-11 10:48:57 430 2 17 65 80 17.9 73.7 32.068810224823395 118.79718659949248
2021-04-11 10:48:59 418 1 10 64 79 18.0 73.6 32.06879559955132 118.79712970550571
2021-04-11 10:49:01 419 1 11 63 78 18.0 73.6 32.06877763290327 118.79708088021536
2021-04-11 10:49:03 419 1 11 62 77 18.0 73.6 32.06875402299797 118.79702657334064
2021-04-11 10:49:05 419 1 11 62 77 18.0 73.5 32.0687341451759 118.79697685149607
2021-04-11 10:49:07 425 2 14 62 77 18.0 73.5 32.06872439712965 118.79691846786268
2021-04-11 10:49:09 427 2 15 62 77 18.0 73.5 32.06871196337512 118.79686227527547
2021-04-11 10:49:11 428 2 16 62 77 18.0 73.4 32.06869783322938 118.79680687945188
2021-04-11 10:49:13 418 1 10 62 77 18.0 73.3 32.0686834231124 118.79675437304222
2021-04-11 10:49:15 419 1 11 62 77 18.0 73.3 32.06867238501147 118.79671133250996
2021-04-11 10:49:17 421 1 12 62 77 18.1 73.3 32.06866201320275 118.79667685975153
2021-04-11 10:49:19 423 1 13 62 77 18.1 73.2 32.06865238309268 118.79664776688888
2021-04-11 10:49:21 425 2 14 61 75 18.2 73.1 32.06864116036498 118.79661966957971
2021-04-11 10:49:23 427 2 15 61 75 18.1 73.0 32.06863356728151 118.7966079111886
2021-04-11 10:49:25 428 2 16 60 74 18.2 73.0 32.068633448972335 118.79660561996248
2021-04-11 10:49:27 430 2 17 60 74 18.2 72.9 32.068634535305904 118.79660392701767
2021-04-11 10:49:29 418 1 10 60 74 18.3 72.9 32.06863390349423 118.79659994207363
2021-04-11 10:49:31 419 1 11 59 73 18.3 72.7 32.06863217817048 118.79659675352868
2021-04-11 10:49:33 425 2 14 59 73 18.4 72.7 32.068629957679335 118.79659416243992
2021-04-11 10:49:35 430 2 17 58 72 18.5 72.6 32.06862843391283 118.79659117322757
2021-04-11 10:49:37 436 2 20 57 70 18.5 72.4 32.068627920402704 118.79658947951121
2021-04-11 10:49:39 437 3 21 56 69 18.6 72.2 32.06862811239947 118.79658848344761
2021-04-11 10:49:41 439 3 22 54 67 18.6 72.0 32.068628604362004 118.7965874875298
2021-04-11 10:49:43 439 3 22 54 67 18.6 71.8 32.06862909871857 118.79658679046028
2021-04-11 10:49:45 437 3 21 53 65 18.7 71.7 32.06862959467141 118.79658629262285
2021-04-11 10:49:47 439 3 22 53 65 18.7 71.5 32.06862988825108 118.79658549584039
2021-04-11 10:49:49 441 3 23 53 65 18.8 71.4 32.06863027782656 118.79658420102666
2021-04-11 10:49:51 441 3 23 53 65 18.8 71.2 32.06863086817696 118.79658300592625
2021-04-11 10:49:53 443 3 24 54 67 18.8 71.1 32.06863176568096 118.79658270751517
2021-04-11 10:49:55 446 3 26 54 67 18.9 71.0 32.06863226562535 118.79658270775778
2021-04-11 10:49:57 446 3 26 55 68 18.9 70.9 32.06863255361121 118.79658121366437
2021-04-11 10:49:59 448 3 27 55 68 19.0 70.7 32.06863235762726 118.79658171164694
2021-04-11 10:50:01 452 4 29 55 68 19.0 70.6 32.068631764083634 118.7965825082833
2021-04-11 10:50:03 452 4 29 56 69 19.0 70.5 32.068630858592805 118.79658181053497
2021-04-11 10:50:05 448 3 27 56 69 19.1 70.3 32.06863056022362 118.79658200962125
2021-04-11 10:50:07 448 3 27 56 69 19.1 70.2 32.06862936275314 118.79658230788665
2021-04-11 10:50:09 450 4 28 57 70 19.2 70.1 32.06862936594782 118.7965827063504
2021-04-11 10:50:11 448 3 27 57 70 19.2 70.0 32.068628876385155 118.7965840011152
2021-04-11 10:50:13 445 3 25 56 69 19.2 69.8 32.068628276451854 118.79658400082396
2021-04-11 10:50:15 439 3 22 56 69 19.2 69.7 32.068626075099296 118.79658380052395
2021-04-11 10:50:17 443 3 24 55 68 19.3 69.7 32.06862556716886 118.79658280412158
2021-04-11 10:50:20 448 3 27 55 68 19.3 69.6 32.06862425693019 118.79658150848316
2021-04-11 10:50:22 455 4 31 55 68 19.4 69.5 32.06862454890884 118.7965805124697
2021-04-11 10:50:24 461 4 34 55 68 19.4 69.4 32.06862583278569 118.79657852078326
2021-04-11 10:50:26 464 5 36 55 68 19.5 69.2 32.06862631914551 118.7965768275566
2021-04-11 10:50:28 463 5 35 56 69 19.5 69.0 32.068627014272515 118.79657623020148
2021-04-11 10:50:30 463 5 35 56 69 19.6 68.9 32.068627011075556 118.79657583173824
2021-04-11 10:50:32 468 5 38 56 69 19.6 68.7 32.06862622235323 118.79657722597139
2021-04-11 10:50:34 472 5 40 56 69 19.6 68.6 32.06862553122098 118.79657832140586
2021-04-11 10:50:36 470 5 39 56 69 19.7 68.4 32.06862553521607 118.7965788194852
2021-04-11 10:50:38 466 5 37 56 69 19.7 68.3 32.06862473530496 118.79657881909672
2021-04-11 10:50:40 463 5 35 56 69 19.7 68.1 32.06862453293016 118.79657852015201
2021-04-11 10:50:42 463 5 35 56 69 19.8 68.1 32.068623530644174 118.7965782208188
2021-04-11 10:50:44 466 5 37 56 69 19.8 68.0 32.068623821021646 118.79657702557431
2021-04-11 10:50:46 470 5 39 56 69 19.9 68.0 32.06862451854636 118.79657672706675
2021-04-11 10:50:48 464 5 36 56 69 19.9 67.8 32.068625326448824 118.79657772361365
2021-04-11 10:50:50 459 4 33 55 68 19.9 67.6 32.06862532884605 118.79657802246118
2021-04-11 10:50:52 455 4 31 55 68 19.9 67.4 32.0686250304775 118.79657822154722
2021-04-11 10:50:54 457 4 32 55 68 19.9 67.4 32.06862522645993 118.79657772356506
2021-04-11 10:50:56 457 4 32 55 68 19.9 67.3 32.06862502728125 118.7965778230838
2021-04-11 10:50:58 459 4 33 56 69 20.0 67.3 32.06862382901274 118.79657802173278
2021-04-11 10:51:00 466 5 37 56 69 20.0 67.2 32.0686220228199 118.79657722393176
2021-04-11 10:51:02 475 6 42 57 70 20.0 67.1 32.06861933190974 118.79657831839447
2021-04-11 10:51:04 482 6 46 57 70 20.1 67.1 32.06861755128403 118.7965807083011
2021-04-11 10:51:06 486 6 48 57 70 20.2 67.0 32.0686158538692 118.79658100632264
2021-04-11 10:51:08 486 6 48 57 70 20.2 66.8 32.06861674018838 118.79657931328978
2021-04-11 10:51:10 488 7 49 57 70 20.3 66.5 32.06861751932387 118.79657672366632
2021-04-11 10:51:12 486 6 48 57 70 20.2 66.3 32.068618309644265 118.79657552866524
2021-04-11 10:51:14 482 6 46 58 72 20.2 66.3 32.06861800008552 118.79657433312993
2021-04-11 10:51:16 473 5 41 58 72 20.2 66.2 32.06861750573656 118.7965750301975
2021-04-11 10:51:18 468 5 38 58 72 20.2 66.1 32.06861932791445 118.79657782031519
2021-04-11 10:51:20 464 5 36 58 72 20.2 66.1 32.06861985102863 118.79658070941863
2021-04-11 10:51:22 464 5 36 59 73 20.3 66.1 32.06861885992626 118.79658180470788
2021-04-11 10:51:24 466 5 37 60 74 20.3 66.0 32.06861656177908 118.7965820028221
2021-04-11 10:51:26 464 5 36 60 74 20.3 65.9 32.06861576027043 118.79658180320142
2021-04-11 10:51:28 463 5 35 60 74 20.3 65.9 32.068614568390515 118.79658279877754
2021-04-11 10:51:30 468 5 38 61 75 20.4 65.8 32.068615373892015 118.79658349647808
2021-04-11 10:51:32 472 5 40 60 74 20.4 65.8 32.0686133900839 118.79658548782554
2021-04-11 10:51:34 472 5 40 60 74 20.4 65.7 32.068611598267275 118.79658648311047
2021-04-11 10:51:36 470 5 39 59 73 20.4 65.6 32.068612104598074 118.79658728028186
2021-04-11 10:51:38 468 5 38 58 72 20.4 65.6 32.068614299564274 118.79658668365519
2021-04-11 10:51:40 466 5 37 57 70 20.4 65.6 32.068617313599276 118.79658847820208
2021-04-11 10:51:42 463 5 35 56 69 20.4 65.5 32.06861863180994 118.79659077000369
2021-04-11 10:51:44 457 4 32 55 68 20.3 65.5 32.06862034518491 118.7965924643037
2021-04-11 10:51:46 450 4 28 54 67 20.3 65.5 32.068620933150385 118.79659097035331
2021-04-11 10:51:48 448 3 27 53 65 20.3 65.6 32.068620631587834 118.79659077097537
2021-04-11 10:51:50 450 4 28 52 64 20.2 65.7 32.06861963329476 118.79659096972178
2021-04-11 10:51:52 452 4 29 52 64 20.2 65.7 32.06861202073351 118.79657682060872
2021-04-11 10:51:54 452 4 29 51 63 20.2 65.7 32.068619137484475 118.7965541117978
2021-04-11 10:51:56 446 3 26 51 63 20.0 65.8 32.06863241010382 118.7965384787122
2021-04-11 10:51:58 434 2 19 51 63 19.7 65.9 32.06863454031627 118.79651746108928
2021-04-11 10:52:00 430 2 17 51 63 19.7 66.3 32.06863502417107 118.79651546903881
2021-04-11 10:52:02 436 2 20 52 64 19.8 66.7 32.068636718349744 118.79651477256101
2021-04-11 10:52:04 443 3 24 52 64 19.8 66.9 32.06863920358679 118.79651298071053
2021-04-11 10:52:06 445 3 25 53 65 19.8 67.0 32.06864735765942 118.79649505413992
2021-04-11 10:52:08 441 3 23 53 65 19.8 67.0 32.06865536135021 118.79647095152364
2021-04-11 10:52:10 437 3 21 54 67 19.8 67.1 32.06866095182552 118.79644525404456
2021-04-11 10:52:12 437 3 21 54 67 19.8 67.1 32.06865494545234 118.79641984991954
2021-04-11 10:52:14 437 3 21 55 68 19.7 67.1 32.06863633828386 118.79639424058787
2021-04-11 10:52:16 437 3 21 55 68 19.7 67.2 32.06861329586534 118.79636434592517
2021-04-11 10:52:18 436 2 20 55 68 19.6 67.3 32.06859302362548 118.79633096638779
2021-04-11 10:52:20 434 2 19 55 68 19.5 67.4 32.068574258473696 118.79629858388383
2021-04-11 10:52:22 428 2 16 55 68 19.4 67.6 32.06855581302264 118.79626869195899
2021-04-11 10:52:25 423 1 13 55 68 19.2 67.8 32.068539873621724 118.79622764524046
2021-04-11 10:52:27 428 2 16 55 68 19.0 68.2 32.06852155300508 118.79618898825835
2021-04-11 10:52:29 418 1 10 55 68 18.9 68.5 32.06850474596978 118.79615212522302
2021-04-11 10:52:31 419 1 11 55 68 18.9 68.9 32.068482603792305 118.79612302912112
2021-04-11 10:52:33 421 1 12 55 68 18.9 69.3 32.06845434638957 118.79609213723282
2021-04-11 10:52:35 423 1 13 55 68 18.9 69.5 32.06842465328728 118.7960689144027
2021-04-11 10:52:37 425 2 14 55 68 18.8 69.7 32.06839688063537 118.79604818271653
2021-04-11 10:52:39 427 2 15 55 68 18.7 69.9 32.06836174567564 118.79602007666257
2021-04-11 10:52:41 428 2 16 55 68 18.6 70.2 32.068332512781524 118.79599237206774
2021-04-11 10:52:43 430 2 17 56 69 18.6 70.4 32.06830361776051 118.79595749629813
2021-04-11 10:52:45 418 1 10 56 69 18.6 70.7 32.06827496701937 118.79592789979395
2021-04-11 10:52:47 419 1 11 57 70 18.5 70.9 32.068254174739074 118.79590527954058
2021-04-11 10:52:49 421 1 12 57 70 18.5 71.0 32.068233313822 118.79588634460497
2021-04-11 10:52:51 423 1 13 58 72 18.4 71.0 32.068197259429205 118.79585644585919
2021-04-11 10:52:53 425 2 14 59 73 18.5 71.2 32.068170959980876 118.79582157213089
2021-04-11 10:52:55 427 2 15 59 73 18.4 71.2 32.06813645946643 118.79578659482985
2021-04-11 10:52:57 428 2 16 59 73 18.5 71.3 32.06810644608871 118.79575032520361
2021-04-11 10:52:59 418 1 10 59 73 18.5 71.4 32.068071995302766 118.79570987036746
2021-04-11 10:53:01 419 1 11 59 73 18.6 71.4 32.068037770285684 118.79567250343928
2021-04-11 10:53:03 421 1 12 59 73 18.7 71.3 32.06800615083218 118.79563593484194
2021-04-11 10:53:05 425 2 14 58 72 18.6 71.2 32.067979337679255 118.79560026530352
2021-04-11 10:53:07 427 2 15 58 72 18.5 71.1 32.06794681336683 118.79556339786379
2021-04-11 10:53:09 428 2 16 57 70 18.5 71.3 32.06791970957698 118.79552902332799
2021-04-11 10:53:11 430 2 17 56 69 18.5 71.4 32.067892403001274 118.79549444968617
2021-04-11 10:53:13 418 1 10 55 68 18.4 71.4 32.067860877005714 118.79545778255968
2021-04-11 10:53:15 419 1 11 55 68 18.4 71.6 32.06783323866509 118.79541992255619
2021-04-11 10:53:17 421 1 12 54 67 18.4 71.7 32.06781343259383 118.7953858514111
2021-04-11 10:53:19 423 1 13 54 67 18.4 71.8 32.06780290963881 118.79536114699
2021-04-11 10:53:21 425 2 14 54 67 18.4 71.8 32.06779320239498 118.79533823575682
2021-04-11 10:53:23 427 2 15 55 68 18.4 71.8 32.06777970854564 118.79532777154822
2021-04-11 10:53:25 428 2 16 55 68 18.5 71.8 32.06774706463421 118.79532257560062
2021-04-11 10:53:27 418 1 10 55 68 18.6 71.9 32.06771576332922 118.79531110606986
2021-04-11 10:53:29 419 1 11 56 69 18.6 71.7 32.06768371198714 118.79530511362502
2021-04-11 10:53:31 421 1 12 56 69 18.6 71.6 32.06765883987882 118.79529693395573
2021-04-11 10:53:33 423 1 13 56 69 18.6 71.4 32.06763232142372 118.79528367426623
2021-04-11 10:53:35 425 2 14 56 69 18.6 71.4 32.06760993249673 118.79527370326645
2021-04-11 10:53:37 427 2 15 56 69 18.6 71.3 32.06758932687652 118.79526194059075
2021-04-11 10:53:39 419 1 11 55 68 18.7 71.3 32.06756798149367 118.79525675047078
2021-04-11 10:53:41 421 1 12 55 68 18.8 71.2 32.067541422323984 118.79523910879101
2021-04-11 10:53:43 421 1 12 54 67 18.8 71.1 32.06750966063857 118.79522116556572
2021-04-11 10:53:45 421 1 12 54 67 18.9 71.0 32.067464691598225 118.79519146370643
2021-04-11 10:53:47 419 1 11 53 65 18.9 70.8 32.06743813659721 118.79516356449747
2021-04-11 10:53:49 423 1 13 53 65 18.9 70.6 32.06737628121432 118.7951461029321
2021-04-11 10:53:51 418 1 10 53 65 19.0 70.5 32.067324887570564 118.79512466346328
2021-04-11 10:53:53 419 1 11 53 65 19.0 70.4 32.06727782176392 118.79509555811826
2021-04-11 10:53:55 421 1 12 54 67 19.1 70.3 32.067233786519694 118.79506984044514
2021-04-11 10:53:57 423 1 13 54 67 19.1 70.1 32.06717960973152 118.79503963580854
2021-04-11 10:53:59 423 1 13 55 68 19.1 70.0 32.06713066719178 118.79500256271764
2021-04-11 10:54:01 425 2 14 56 69 19.1 70.0 32.06708193938625 118.79496718283053
2021-04-11 10:54:03 425 2 14 56 69 19.2 70.0 32.0670265810053 118.7949286126518
2021-04-11 10:54:05 425 2 14 56 69 19.1 70.0 32.066977268923594 118.79489512476789
2021-04-11 10:54:07 421 1 12 57 70 19.1 70.0 32.06691904748289 118.79487119189557
2021-04-11 10:54:09 428 2 16 57 70 18.9 70.0 32.066867069459 118.7948309310038
2021-04-11 10:54:11 430 2 17 57 70 18.8 70.0 32.06682728319846 118.79480053582681
2021-04-11 10:54:13 418 1 10 57 70 18.6 70.2 32.06677486878266 118.79477760210686
2021-04-11 10:54:15 419 1 11 57 70 18.5 70.5 32.066724938660855 118.79476353249206
2021-04-11 10:54:17 421 1 12 57 70 18.5 70.9 32.06668257614534 118.79474618100292
2021-04-11 10:54:19 423 1 13 58 72 18.5 71.1 32.06664371114042 118.79472863235087
2021-04-11 10:54:21 425 2 14 58 72 18.5 71.3 32.06661278735929 118.79471546982272
2021-04-11 10:54:23 427 2 15 59 73 18.5 71.5 32.06658467181768 118.79470320513569
2021-04-11 10:54:25 428 2 16 59 73 18.5 71.6 32.06656419399905 118.79468457179303
2021-04-11 10:54:27 418 1 10 59 73 18.6 71.6 32.066534984860084 118.79466264728144
2021-04-11 10:54:29 419 1 11 59 73 18.6 71.6 32.06651627249167 118.7946405298031
2021-04-11 10:54:31 421 1 12 59 73 18.6 71.7 32.06649201220743 118.79460317367128
2021-04-11 10:54:33 423 1 13 59 73 18.6 71.6 32.06646479274025 118.794559841384
2021-04-11 10:54:35 425 2 14 58 72 18.6 71.6 32.06644720014401 118.79451950236464
2021-04-11 10:54:38 427 2 15 58 72 18.6 71.7 32.06642680838779 118.7944793611289
2021-04-11 10:54:40 428 2 16 57 70 18.6 71.7 32.066407465242975 118.79444429912039
2021-04-11 10:54:42 430 2 17 57 70 18.6 71.7 32.066384492848755 118.79440634750831
2021-04-11 10:54:44 418 1 10 56 69 18.6 71.7 32.066362577993026 118.79438442818063
2021-04-11 10:54:46 419 1 11 56 69 18.6 71.7 32.06634241985752 118.79436828524283
2021-04-11 10:54:48 421 1 12 57 70 18.7 71.6 32.066323938627924 118.79434985313607
2021-04-11 10:54:50 423 1 13 57 70 18.7 71.6 32.06631716787531 118.7943125091474
2021-04-11 10:54:52 425 2 14 58 72 18.7 71.4 32.06630828122823 118.79427367056535
2021-04-11 10:54:54 427 2 15 58 72 18.7 71.4 32.06630485974295 118.79424150679563
2021-04-11 10:54:56 428 2 16 59 73 18.8 71.4 32.06629505676603 118.79423114552354
2021-04-11 10:54:58 418 1 10 59 73 18.8 71.3 32.066289899350586 118.79421541018478
2021-04-11 10:55:00 419 1 11 59 73 18.8 71.2 32.06628171194992 118.79419668595825
2021-04-11 10:55:02 421 1 12 59 73 18.8 71.2 32.06627964302092 118.79418981434118
2021-04-11 10:55:04 423 1 13 58 72 18.8 71.2 32.06628339963153 118.79418553503838
2021-04-11 10:55:06 425 2 14 58 72 18.9 71.1 32.066280757474075 118.79417139444917
2021-04-11 10:55:08 418 1 10 58 72 19.0 71.0 32.066273586394466 118.79415436366313
2021-04-11 10:55:10 421 1 12 57 70 19.0 70.9 32.06626581110281 118.79413693428685
2021-04-11 10:55:12 425 2 14 57 70 19.0 70.8 32.066249279590224 118.79412378122602
2021-04-11 10:55:14 434 2 19 57 70 19.1 70.7 32.066240465617284 118.79410256768485
2021-04-11 10:55:16 436 2 20 57 70 19.1 70.6 32.066232716827045 118.79407796951784
2021-04-11 10:55:18 437 3 21 57 70 19.2 70.4 32.06622656943839 118.79405357154957
2021-04-11 10:55:20 441 3 23 57 70 19.2 70.3 32.0662242598075 118.79403295956189
2021-04-11 10:55:22 443 3 24 57 70 19.3 70.1 32.066212821102255 118.79400945472649
2021-04-11 10:55:24 445 3 25 57 70 19.4 69.9 32.06621826937378 118.79398486485483
2021-04-11 10:55:26 448 3 27 57 70 19.4 69.7 32.06621662997365 118.79396146564847
2021-04-11 10:55:28 454 4 30 57 70 19.5 69.5 32.06620922925529 118.79393208911462
2021-04-11 10:55:30 455 4 31 56 69 19.5 69.3 32.06620571522131 118.79390152026981
2021-04-11 10:55:32 450 4 28 56 69 19.6 69.1 32.06620229184235 118.79387981294606
2021-04-11 10:55:34 446 3 26 55 68 19.6 68.9 32.06620389104545 118.7938700565144
2021-04-11 10:55:36 441 3 23 54 67 19.5 68.8 32.066221935347656 118.79385513256673
2021-04-11 10:55:38 436 2 20 54 67 19.5 68.7 32.066228614378204 118.7938434874843
2021-04-11 10:55:40 432 2 18 53 65 19.5 68.8 32.0662312657552 118.79383880953237
2021-04-11 10:55:42 430 2 17 53 65 19.5 68.7 32.06623653853943 118.7938362240049
2021-04-11 10:55:44 427 2 15 53 65 19.5 68.6 32.06624030216589 118.79383274149572
2021-04-11 10:55:46 425 2 14 53 65 19.5 68.6 32.06624124848597 118.793827564711
2021-04-11 10:55:48 419 1 11 53 65 19.4 68.6 32.06624559966357 118.79382288778541
2021-04-11 10:55:50 423 1 13 53 65 19.3 68.7 32.06624179163279 118.79381243127021
2021-04-11 10:55:52 425 2 14 53 65 19.2 68.8 32.06624051754039 118.79381491961266
2021-04-11 10:55:54 427 2 15 53 65 19.0 69.0 32.06624271227558 118.79382408083306
2021-04-11 10:55:56 428 2 16 54 67 18.9 69.2 32.06624682424966 118.79381562032754
2021-04-11 10:55:58 418 1 10 54 67 18.9 69.5 32.06625466562087 118.79380039170948
2021-04-11 10:56:00 419 1 11 54 67 19.0 69.8 32.06626114235839 118.79379820516701
2021-04-11 10:56:02 421 1 12 55 68 19.0 70.1 32.066258413643666 118.79379541575213
2021-04-11 10:56:04 423 1 13 55 68 19.0 70.3 32.06626513169749 118.79379721190689
2021-04-11 10:56:06 419 1 11 55 68 19.2 70.7 32.06627537193752 118.79379154287217
2021-04-11 10:56:08 425 2 14 56 69 19.3 70.8 32.06628332164752 118.79378676854779
2021-04-11 10:56:10 432 2 18 56 69 19.3 70.8 32.06628676583248 118.7937910518371
2021-04-11 10:56:12 434 2 19 56 69 19.3 70.5 32.06627707326126 118.79381095884989
2021-04-11 10:56:14 439 3 22 56 69 19.4 70.2 32.06628163693172 118.7938267922794
2021-04-11 10:56:16 443 3 24 57 70 19.4 70.2 32.06627219831641 118.79385197649734
2021-04-11 10:56:18 445 3 25 57 70 19.5 70.1 32.06627538982194 118.79385118188027
2021-04-11 10:56:20 441 3 23 57 70 19.4 69.9 32.066274972359786 118.79384948903046
