2021-02-07 20:50:45	419	1	11	106	131	23.1	56.2	0.0000000	0.0000000
2021-02-07 20:50:47	421	1	12	105	130	23.0	56.4	0.0000000	0.0000000
2021-02-07 20:50:49	423	1	13	105	130	22.8	56.2	0.0000000	0.0000000
2021-02-07 20:50:51	425	2	14	105	130	22.5	54.9	0.0000000	0.0000000
2021-02-07 20:50:53	427	2	15	105	130	22.0	53.4	0.0000000	0.0000000
2021-02-07 20:50:55	428	2	16	105	130	21.4	52.4	0.0000000	0.0000000
2021-02-07 20:50:57	418	1	10	106	131	21.0	52.1	0.0000000	0.0000000
2021-02-07 20:50:59	419	1	11	106	131	20.6	52.2	0.0000000	0.0000000
2021-02-07 20:51:01	421	1	12	106	131	20.3	52.6	0.0000000	0.0000000
2021-02-07 20:51:03	423	1	13	107	133	20.0	53.0	0.0000000	0.0000000
2021-02-07 20:51:05	425	2	14	107	133	19.8	53.5	0.0000000	0.0000000
2021-02-07 20:51:06	427	2	15	108	134	19.5	53.9	0.0000000	0.0000000
2021-02-07 20:51:08	428	2	16	109	135	19.2	54.5	0.0000000	0.0000000
2021-02-07 20:51:10	430	2	17	110	136	19.0	54.9	0.0000000	0.0000000
2021-02-07 20:51:12	418	1	10	112	139	18.8	55.5	0.0000000	0.0000000
2021-02-07 20:51:14	419	1	11	113	140	18.6	56.1	0.0000000	0.0000000
2021-02-07 20:51:16	421	1	12	115	143	18.5	56.6	0.0000000	0.0000000
2021-02-07 20:51:18	423	1	13	115	143	18.5	57.1	0.0000000	0.0000000
2021-02-07 20:51:20	425	2	14	116	144	18.5	57.7	29.2995892	106.2575027
2021-02-07 20:51:22	427	2	15	116	144	18.5	58.1	29.2993405	106.2574963
2021-02-07 20:51:24	428	2	16	115	143	18.5	58.4	29.2990830	106.2574963
2021-02-07 20:51:26	418	1	10	114	141	18.5	58.7	29.2988245	106.2574857
2021-02-07 20:51:28	419	1	11	113	140	18.6	58.7	29.2985618	106.2574755
2021-02-07 20:51:30	421	1	12	111	138	18.8	59.1	29.2982955	106.2574618
2021-02-07 20:51:32	423	1	13	109	135	19.3	60.2	29.2980277	106.2574483
2021-02-07 20:51:34	425	2	14	107	133	19.2	60.0	29.2977580	106.2574382
2021-02-07 20:51:36	427	2	15	106	131	19.0	59.1	29.2974925	106.2574282
2021-02-07 20:51:38	428	2	16	105	130	18.9	58.7	29.2972303	106.2574182
2021-02-07 20:51:40	430	2	17	104	129	18.9	58.5	29.2969702	106.2574100
2021-02-07 20:51:42	418	1	10	104	129	18.9	58.4	29.2967105	106.2574008
2021-02-07 20:51:44	419	1	11	104	129	19.3	58.9	29.2964550	106.2573893
2021-02-07 20:51:46	421	1	12	104	129	19.8	60.0	29.2962005	106.2573800
2021-02-07 20:51:48	423	1	13	104	129	20.3	60.7	29.2959462	106.2573712
2021-02-07 20:51:50	425	2	14	105	130	20.7	61.0	29.2956920	106.2573602
2021-02-07 20:51:52	427	2	15	105	130	21.1	60.9	29.2954400	106.2573483
2021-02-07 20:51:54	428	2	16	106	131	21.5	60.4	29.2951893	106.2573365
2021-02-07 20:51:56	418	1	10	106	131	21.8	59.8	29.2949388	106.2573258
2021-02-07 20:51:58	419	1	11	107	133	22.1	59.0	29.2946860	106.2573155
2021-02-07 20:52:00	421	1	12	108	134	22.3	58.3	29.2944320	106.2573038
2021-02-07 20:52:02	423	1	13	108	134	22.4	57.6	29.2941765	106.2572942
2021-02-07 20:52:04	425	2	14	109	135	22.6	56.9	29.2939302	106.2572815
2021-02-07 20:52:06	427	2	15	110	136	22.8	56.4	29.2936868	106.2572695
2021-02-07 20:52:08	428	2	16	110	136	23.0	56.3	29.2934382	106.2572590
2021-02-07 20:52:10	430	2	17	110	136	23.2	56.1	29.2931732	106.2572490
2021-02-07 20:52:12	418	1	10	110	136	23.3	56.0	29.2929030	106.2572348
2021-02-07 20:52:14	419	1	11	110	136	23.3	55.8	29.2926343	106.2572168
2021-02-07 20:52:16	421	1	12	109	135	23.3	55.4	29.2923747	106.2571948
2021-02-07 20:52:18	423	1	13	108	134	23.3	54.5	29.2921272	106.2571833
2021-02-07 20:52:20	425	2	14	108	134	23.4	54.3	29.2918912	106.2571858
2021-02-07 20:52:22	427	2	15	106	131	23.5	55.4	29.2916637	106.2571995
2021-02-07 20:52:24	428	2	16	106	131	23.6	56.0	29.2914418	106.2572312
2021-02-07 20:52:26	418	1	10	105	130	23.7	56.4	29.2912232	106.2572760
2021-02-07 20:52:28	419	1	11	105	130	23.7	56.9	29.2910068	106.2573357
2021-02-07 20:52:30	421	1	12	104	129	23.1	56.0	29.2908008	106.2574083
2021-02-07 20:52:32	423	1	13	104	129	22.5	53.8	29.2905972	106.2574973
2021-02-07 20:52:34	425	2	14	104	129	22.2	53.2	29.2904065	106.2575927
2021-02-07 20:52:36	427	2	15	104	129	22.0	53.1	29.2902233	106.2576925
2021-02-07 20:52:38	428	2	16	105	130	21.9	52.9	29.2900518	106.2577778
2021-02-07 20:52:40	430	2	17	106	131	21.8	52.8	29.2898988	106.2578632
2021-02-07 20:52:42	418	1	10	107	133	21.8	53.4	29.2897790	106.2579367
2021-02-07 20:52:44	419	1	11	109	135	21.9	53.7	29.2896825	106.2579810
2021-02-07 20:52:46	421	1	12	112	139	22.0	54.1	29.2895958	106.2580155
2021-02-07 20:52:48	423	1	13	115	143	22.1	54.8	29.2895342	106.2580485
2021-02-07 20:52:50	425	2	14	117	145	22.4	57.7	29.2895003	106.2580727
2021-02-07 20:52:52	427	2	15	120	149	22.7	62.5	29.2894675	106.2580942
2021-02-07 20:52:54	430	2	17	121	150	22.4	60.9	29.2894078	106.2581238
2021-02-07 20:52:56	418	1	10	122	151	22.5	58.4	29.2893147	106.2581655
2021-02-07 20:52:58	419	1	11	123	153	22.5	57.3	29.2892070	106.2581973
2021-02-07 20:53:00	421	1	12	123	153	22.7	56.5	29.2890890	106.2582367
2021-02-07 20:53:02	423	1	13	124	154	22.8	56.6	29.2889765	106.2582535
2021-02-07 20:53:04	425	2	14	125	155	22.9	56.8	29.2888728	106.2582603
2021-02-07 20:53:06	427	2	15	125	155	23.0	57.1	29.2887800	106.2582660
2021-02-07 20:53:08	428	2	16	125	155	23.1	56.6	29.2887243	106.2582798
2021-02-07 20:53:10	418	1	10	126	156	23.0	55.4	29.2886432	106.2582863
2021-02-07 20:53:12	419	1	11	127	158	23.1	54.7	29.2885718	106.2582360
2021-02-07 20:53:14	421	1	12	128	159	23.0	54.8	29.2885103	106.2581222
2021-02-07 20:53:16	423	1	13	130	161	22.9	54.0	29.2884662	106.2580013
2021-02-07 20:53:18	425	2	14	131	163	22.9	54.1	29.2884152	106.2578940
2021-02-07 20:53:20	427	2	15	132	164	22.9	54.3	29.2883290	106.2577745
2021-02-07 20:53:22	428	2	16	132	164	22.9	54.3	29.2882418	106.2576358
2021-02-07 20:53:24	430	2	17	132	164	22.9	54.3	29.2882062	106.2575023
2021-02-07 20:53:26	418	1	10	131	163	23.0	54.0	29.2881538	106.2573950
2021-02-07 20:53:28	419	1	11	130	161	23.3	54.0	29.2881377	106.2573163
2021-02-07 20:53:30	421	1	12	129	160	23.6	55.6	29.2881088	106.2572783
2021-02-07 20:53:32	423	1	13	128	159	23.7	58.6	29.2880568	106.2572138
2021-02-07 20:53:34	425	2	14	127	158	23.8	59.6	29.2880250	106.2571482
2021-02-07 20:53:36	427	2	15	127	158	23.9	59.4	29.2880148	106.2570962
2021-02-07 20:53:38	428	2	16	126	156	23.9	58.4	29.2879818	106.2570188
2021-02-07 20:53:40	418	1	10	126	156	23.9	56.8	29.2879267	106.2569440
2021-02-07 20:53:42	419	1	11	126	156	24.0	56.2	29.2878770	106.2568542
2021-02-07 20:53:44	421	1	12	126	156	24.1	56.6	29.2878380	106.2567535
2021-02-07 20:53:46	423	1	13	126	156	24.1	56.5	29.2878060	106.2566540
2021-02-07 20:53:48	425	2	14	126	156	24.1	55.7	29.2877835	106.2565395
2021-02-07 20:53:50	427	2	15	126	156	24.1	55.3	29.2877507	106.2564485
2021-02-07 20:53:52	428	2	16	126	156	24.2	55.5	29.2877208	106.2563693
2021-02-07 20:53:54	430	2	17	127	158	24.1	55.5	29.2876667	106.2562558
2021-02-07 20:53:56	418	1	10	127	158	24.2	54.9	29.2876337	106.2561113
2021-02-07 20:53:58	419	1	11	129	160	24.2	54.8	29.2875848	106.2559802
2021-02-07 20:54:00	421	1	12	130	161	24.2	54.9	29.2875742	106.2558578
2021-02-07 20:54:02	423	1	13	132	164	24.3	55.8	29.2875498	106.2557243
2021-02-07 20:54:04	425	2	14	132	164	24.3	56.0	29.2875382	106.2556058
2021-02-07 20:54:06	427	2	15	132	164	24.4	55.8	29.2874915	106.2554865
2021-02-07 20:54:08	428	2	16	132	164	24.4	55.2	29.2874508	106.2553955
2021-02-07 20:54:10	418	1	10	131	163	24.6	54.6	29.2873840	106.2552293
2021-02-07 20:54:12	419	1	11	130	161	24.7	54.7	29.2872942	106.2551063
2021-02-07 20:54:14	421	1	12	129	160	24.7	54.6	29.2872293	106.2549957
2021-02-07 20:54:16	423	1	13	128	159	24.8	56.4	29.2871967	106.2549452
2021-02-07 20:54:18	425	2	14	127	158	25.0	60.0	29.2871902	106.2549300
2021-02-07 20:54:20	427	2	15	126	156	25.1	62.3	29.2871855	106.2549195
2021-02-07 20:54:22	428	2	16	125	155	25.3	63.6	29.2871827	106.2549260
2021-02-07 20:54:24	430	2	17	125	155	25.5	65.8	29.2871788	106.2549283
2021-02-07 20:54:26	418	1	10	125	155	25.8	66.4	29.2871745	106.2549278
2021-02-07 20:54:28	419	1	11	127	158	25.8	64.8	29.2871665	106.2549285
2021-02-07 20:54:30	421	1	12	130	161	25.9	64.3	29.2871572	106.2549303
2021-02-07 20:54:32	423	1	13	132	164	26.0	64.9	29.2871442	106.2549325
2021-02-07 20:54:34	425	2	14	135	168	26.1	65.0	29.2871340	106.2549350
2021-02-07 20:54:36	427	2	15	138	171	26.1	63.0	29.2871278	106.2549358
2021-02-07 20:54:38	428	2	16	139	173	26.2	62.8	29.2871178	106.2549355
2021-02-07 20:54:40	418	1	10	139	173	26.3	63.7	29.2871088	106.2549283
2021-02-07 20:54:42	419	1	11	140	174	26.4	64.2	29.2870907	106.2549042
2021-02-07 20:54:44	421	1	12	140	174	26.1	60.5	29.2870665	106.2548812
2021-02-07 20:54:46	423	1	13	140	174	26.0	55.7	29.2870312	106.2548060
2021-02-07 20:54:48	425	2	14	140	174	26.0	53.5	29.2870150	106.2546705
2021-02-07 20:54:50	427	2	15	140	174	26.0	53.1	29.2870170	106.2545047
2021-02-07 20:54:52	428	2	16	141	175	25.7	51.5	29.2869588	106.2543925
2021-02-07 20:54:54	430	2	17	140	174	25.6	50.0	29.2868743	106.2542947
2021-02-07 20:54:56	418	1	10	140	174	25.6	49.8	29.2868142	106.2542092
2021-02-07 20:54:58	419	1	11	139	173	25.5	49.2	29.2867825	106.2540778
2021-02-07 20:55:00	421	1	12	138	171	25.5	49.2	29.2867953	106.2539098
2021-02-07 20:55:02	423	1	13	136	169	25.3	48.7	29.2868573	106.2537287
2021-02-07 20:55:04	425	2	14	134	166	25.3	48.5	29.2868172	106.2536098
2021-02-07 20:55:06	427	2	15	132	164	25.1	49.1	29.2867887	106.2535105
2021-02-07 20:55:08	428	2	16	131	163	25.1	49.0	29.2867770	106.2534438
2021-02-07 20:55:10	418	1	10	129	160	25.1	48.8	29.2867580	106.2533248
2021-02-07 20:55:12	419	1	11	128	159	25.1	48.5	29.2867250	106.2531957
2021-02-07 20:55:14	421	1	12	128	159	25.1	48.0	29.2866890	106.2531162
2021-02-07 20:55:16	423	1	13	128	159	25.2	48.7	29.2866613	106.2530307
2021-02-07 20:55:19	425	2	14	128	159	25.3	48.7	29.2866360	106.2528982
2021-02-07 20:55:21	427	2	15	129	160	25.3	48.9	29.2866020	106.2527092
2021-02-07 20:55:23	428	2	16	130	161	25.3	49.5	29.2865812	106.2525782
2021-02-07 20:55:25	430	2	17	131	163	25.2	49.7	29.2865137	106.2524682
2021-02-07 20:55:27	418	1	10	133	165	25.2	49.2	29.2864440	106.2523563
2021-02-07 20:55:29	419	1	11	134	166	25.2	49.4	29.2863628	106.2522820
2021-02-07 20:55:31	421	1	12	136	169	25.2	49.5	29.2862940	106.2521830
2021-02-07 20:55:33	423	1	13	138	171	25.2	49.1	29.2862500	106.2520915
2021-02-07 20:55:35	425	2	14	139	173	25.3	49.0	29.2861998	106.2519955
2021-02-07 20:55:37	427	2	15	140	174	25.3	49.5	29.2861885	106.2518888
2021-02-07 20:55:39	428	2	16	140	174	25.3	49.3	29.2861512	106.2518028
2021-02-07 20:55:41	418	1	10	140	174	25.3	49.2	29.2860925	106.2517362
2021-02-07 20:55:43	419	1	11	140	174	25.3	49.5	29.2860453	106.2516552
2021-02-07 20:55:45	421	1	12	140	174	25.3	49.6	29.2860045	106.2515753
2021-02-07 20:55:47	423	1	13	139	173	25.3	49.5	29.2859572	106.2514752
2021-02-07 20:55:49	425	2	14	140	174	25.2	50.4	29.2859070	106.2513630
2021-02-07 20:55:51	427	2	15	139	173	25.2	50.7	29.2858515	106.2512333
2021-02-07 20:55:53	428	2	16	139	173	25.2	50.3	29.2858102	106.2510578
2021-02-07 20:55:55	430	2	17	139	173	25.1	49.7	29.2857563	106.2508977
2021-02-07 20:55:57	418	1	10	140	174	25.1	49.3	29.2856928	106.2508122
2021-02-07 20:55:59	419	1	11	139	173	25.1	48.8	29.2856168	106.2507400
2021-02-07 20:56:01	421	1	12	139	173	25.1	48.6	29.2855630	106.2506382
2021-02-07 20:56:03	423	1	13	138	171	25.1	48.4	29.2855043	106.2505823
2021-02-07 20:56:05	425	2	14	137	170	25.0	48.9	29.2854510	106.2505242
2021-02-07 20:56:07	427	2	15	137	170	25.0	49.3	29.2853887	106.2504527
2021-02-07 20:56:09	428	2	16	137	170	25.0	48.9	29.2853253	106.2503607
2021-02-07 20:56:11	418	1	10	137	170	25.0	48.9	29.2852398	106.2502707
2021-02-07 20:56:13	419	1	11	137	170	25.0	48.8	29.2851808	106.2501783
2021-02-07 20:56:15	421	1	12	138	171	25.1	48.9	29.2851618	106.2501485
2021-02-07 20:56:17	423	1	13	138	171	25.3	51.3	29.2851598	106.2501240
2021-02-07 20:56:19	427	2	15	138	171	25.5	53.3	29.2851558	106.2500925
2021-02-07 20:56:21	428	2	16	138	171	25.6	54.8	29.2851367	106.2500880
2021-02-07 20:56:23	418	1	10	138	171	25.5	53.2	29.2851030	106.2500495
2021-02-07 20:56:25	419	1	11	138	171	25.6	51.5	29.2850338	106.2499908
2021-02-07 20:56:27	421	1	12	139	173	25.5	50.6	29.2850693	106.2498290
2021-02-07 20:56:29	423	1	13	139	173	25.6	50.6	29.2851003	106.2496352
2021-02-07 20:56:31	425	2	14	141	175	25.7	51.2	29.2851175	106.2494608
2021-02-07 20:56:33	427	2	15	142	176	25.8	53.7	29.2850445	106.2493207
2021-02-07 20:56:35	428	2	16	143	178	25.8	55.1	29.2849488	106.2492718
2021-02-07 20:56:37	430	2	17	144	179	25.9	54.6	29.2848488	106.2492950
2021-02-07 20:56:39	418	1	10	145	180	26.0	54.6	29.2847847	106.2493630
2021-02-07 20:56:41	419	1	11	143	178	26.2	54.4	29.2847670	106.2494382
2021-02-07 20:56:43	421	1	12	141	175	26.3	56.5	29.2847630	106.2494717
2021-02-07 20:56:45	419	1	11	137	170	26.4	58.5	29.2847622	106.2494728
2021-02-07 20:56:47	425	2	14	134	166	26.4	57.7	29.2847830	106.2495088
2021-02-07 20:56:49	427	2	15	130	161	26.3	55.2	29.2848343	106.2495752
2021-02-07 20:56:51	428	2	16	128	159	26.4	53.7	29.2848978	106.2496438
2021-02-07 20:56:53	418	1	10	127	158	26.5	54.5	29.2849457	106.2496885
2021-02-07 20:56:55	419	1	11	126	156	-2.9	100.9	29.2849523	106.2497322
2021-02-07 20:56:57	421	1	12	126	156	26.5	54.9	29.2849447	106.2497730
2021-02-07 20:56:59	423	1	13	126	156	26.5	54.2	29.2849218	106.2498322
2021-02-07 20:57:01	425	2	14	127	158	26.6	54.6	29.2848517	106.2499255
2021-02-07 20:57:03	427	2	15	128	159	26.6	55.0	29.2847828	106.2500222
2021-02-07 20:57:05	428	2	16	129	160	26.6	54.4	29.2847187	106.2500910
2021-02-07 20:57:07	430	2	17	130	161	26.6	53.3	29.2846447	106.2501478
2021-02-07 20:57:09	418	1	10	131	163	26.6	51.9	29.2845760	106.2502870
2021-02-07 20:57:11	419	1	11	131	163	26.6	50.8	29.2845263	106.2504265
2021-02-07 20:57:13	421	1	12	131	163	26.6	50.7	29.2844623	106.2504913
2021-02-07 20:57:15	423	1	13	132	164	26.7	50.4	29.2843797	106.2505500
2021-02-07 20:57:17	425	2	14	132	164	26.7	50.9	29.2843218	106.2506453
2021-02-07 20:57:19	427	2	15	132	164	26.7	50.7	29.2842610	106.2507753
2021-02-07 20:57:21	428	2	16	133	165	26.4	50.6	29.2841790	106.2508860
2021-02-07 20:57:23	418	1	10	134	166	26.1	51.2	29.2840872	106.2509808
2021-02-07 20:57:25	419	1	11	135	168	26.0	51.1	29.2840218	106.2511390
2021-02-07 20:57:27	421	1	12	137	170	26.0	52.0	29.2839670	106.2512688
2021-02-07 20:57:29	423	1	13	138	171	26.1	53.6	29.2839338	106.2513200
2021-02-07 20:57:31	425	2	14	139	173	25.8	53.9	29.2839355	106.2513808
2021-02-07 20:57:33	427	2	15	140	174	25.4	51.4	29.2839833	106.2514430
2021-02-07 20:57:35	428	2	16	141	175	24.8	49.9	29.2840590	106.2515170
2021-02-07 20:57:37	430	2	17	141	175	24.1	48.9	29.2841387	106.2515992
2021-02-07 20:57:39	418	1	10	141	175	23.7	48.6	29.2842255	106.2517055
2021-02-07 20:57:41	419	1	11	140	174	23.2	48.8	29.2843365	106.2518375
2021-02-07 20:57:43	421	1	12	140	174	22.8	49.2	29.2844232	106.2519718
2021-02-07 20:57:45	423	1	13	139	173	22.5	50.1	29.2845122	106.2521067
2021-02-07 20:57:47	425	2	14	138	171	22.1	51.0	29.2846052	106.2522328
2021-02-07 20:57:49	446	3	26	137	170	21.8	51.4	29.2846978	106.2523477
2021-02-07 20:57:51	443	3	24	137	170	21.6	52.1	29.2847795	106.2524778
2021-02-07 20:57:53	452	4	29	136	169	21.3	52.5	29.2848763	106.2525745
2021-02-07 20:57:55	455	4	31	136	169	21.3	52.9	29.2849625	106.2526922
2021-02-07 20:57:57	466	5	37	136	169	21.3	53.5	29.2850478	106.2528038
2021-02-07 20:57:59	459	4	33	137	170	21.4	54.7	29.2851330	106.2529312
2021-02-07 20:58:01	425	2	14	137	170	21.1	54.9	29.2852263	106.2530487
2021-02-07 20:58:03	427	2	15	137	170	21.1	55.0	29.2852677	106.2533768
2021-02-07 20:58:05	428	2	16	137	170	21.1	55.7	29.2852477	106.2536045
2021-02-07 20:58:07	430	2	17	136	169	21.1	56.0	29.2853038	106.2537292
2021-02-07 20:58:09	418	1	10	135	168	21.2	56.3	29.2853927	106.2538523
2021-02-07 20:58:11	419	1	11	134	166	21.4	56.8	29.2854688	106.2539733
2021-02-07 20:58:13	421	1	12	133	165	21.4	57.4	29.2855453	106.2540972
2021-02-07 20:58:15	423	1	13	133	165	21.4	57.1	29.2856093	106.2542180
2021-02-07 20:58:17	425	2	14	132	164	21.3	56.5	29.2856543	106.2543250
2021-02-07 20:58:19	427	2	15	131	163	21.2	55.9	29.2857053	106.2544477
2021-02-07 20:58:21	428	2	16	131	163	21.0	55.4	29.2857465	106.2545498
2021-02-07 20:58:23	418	1	10	131	163	20.9	55.1	29.2857923	106.2546302
2021-02-07 20:58:25	419	1	11	131	163	20.9	55.3	29.2858468	106.2546952
2021-02-07 20:58:27	421	1	12	130	161	20.8	55.5	29.2858795	106.2547383
2021-02-07 20:58:29	423	1	13	130	161	20.7	55.6	29.2859312	106.2548297
2021-02-07 20:58:31	425	2	14	129	160	20.7	55.8	29.2859877	106.2548917
2021-02-07 20:58:33	427	2	15	128	159	20.7	55.8	29.2860362	106.2549472
2021-02-07 20:58:35	428	2	16	127	158	20.8	56.1	29.2860778	106.2549580
2021-02-07 20:58:37	430	2	17	127	158	20.7	56.1	29.2861083	106.2549945
2021-02-07 20:58:39	418	1	10	126	156	20.9	56.1	29.2861348	106.2550212
2021-02-07 20:58:41	419	1	11	125	155	21.1	56.2	29.2861655	106.2550672
2021-02-07 20:58:43	421	1	12	125	155	21.1	56.4	29.2861973	106.2551167
2021-02-07 20:58:45	423	1	13	125	155	21.1	56.1	29.2861963	106.2551838
2021-02-07 20:58:47	425	2	14	125	155	21.2	56.1	29.2862482	106.2553513
2021-02-07 20:58:49	427	2	15	126	156	21.3	56.1	29.2863072	106.2554338
2021-02-07 20:58:51	428	2	16	126	156	21.4	56.1	29.2863602	106.2555012
2021-02-07 20:58:53	418	1	10	127	158	21.3	55.9	29.2864062	106.2555660
2021-02-07 20:58:55	419	1	11	127	158	21.4	55.5	29.2864507	106.2556432
2021-02-07 20:58:57	421	1	12	128	159	21.4	55.5	29.2865037	106.2557272
2021-02-07 20:58:59	423	1	13	128	159	21.5	55.4	29.2865397	106.2557792
2021-02-07 20:59:01	425	2	14	128	159	21.5	55.2	29.2865640	106.2558392
2021-02-07 20:59:03	427	2	15	128	159	21.4	55.3	29.2865692	106.2559270
2021-02-07 20:59:05	428	2	16	128	159	21.1	54.8	29.2866038	106.2560885
2021-02-07 20:59:07	430	2	17	128	159	20.9	54.8	29.2866353	106.2561732
2021-02-07 20:59:09	418	1	10	128	159	20.8	54.8	29.2866270	106.2562213
2021-02-07 20:59:11	419	1	11	129	160	21.1	56.3	29.2865883	106.2562228
2021-02-07 20:59:13	421	1	12	130	161	21.1	58.2	29.2865313	106.2562108
2021-02-07 20:59:15	423	1	13	131	163	21.0	58.1	29.2864645	106.2561857
2021-02-07 20:59:17	425	2	14	132	164	21.0	57.4	29.2864033	106.2561740
2021-02-07 20:59:19	427	2	15	133	165	21.0	56.8	29.2863333	106.2561795
2021-02-07 20:59:21	428	2	16	134	166	21.1	56.6	29.2862662	106.2562357
2021-02-07 20:59:23	418	1	10	135	168	21.0	56.6	29.2861698	106.2562967
2021-02-07 20:59:25	419	1	11	136	169	20.9	56.2	29.2860720	106.2563048
2021-02-07 20:59:27	421	1	12	137	170	20.9	56.0	29.2859473	106.2563368
2021-02-07 20:59:29	423	1	13	137	170	21.0	56.3	29.2858233	106.2563533
2021-02-07 20:59:31	425	2	14	137	170	21.0	56.4	29.2856942	106.2563825
2021-02-07 20:59:33	427	2	15	137	170	21.0	56.3	29.2855657	106.2564318
2021-02-07 20:59:35	428	2	16	136	169	21.0	56.2	29.2854482	106.2564283
2021-02-07 20:59:37	430	2	17	134	166	20.9	55.9	29.2853492	106.2564348
2021-02-07 20:59:39	418	1	10	133	165	21.0	56.0	29.2852573	106.2564260
2021-02-07 20:59:41	421	1	12	131	163	21.1	56.0	29.2851693	106.2564263
2021-02-07 20:59:43	423	1	13	129	160	21.0	55.9	29.2850640	106.2564225
2021-02-07 20:59:45	427	2	15	128	159	21.0	55.5	29.2849465	106.2563925
2021-02-07 20:59:47	430	2	17	127	158	21.0	55.5	29.2848298	106.2564055
2021-02-07 20:59:49	418	1	10	126	156	21.0	55.5	29.2847190	106.2564125
2021-02-07 20:59:51	419	1	11	125	155	21.0	55.5	29.2845978	106.2564262
2021-02-07 20:59:53	421	1	12	125	155	21.1	55.4	29.2844775	106.2564582
2021-02-07 20:59:55	423	1	13	124	154	21.1	55.6	29.2843517	106.2565260
2021-02-07 20:59:57	425	2	14	124	154	21.2	55.7	29.2842397	106.2566120
2021-02-07 20:59:59	427	2	15	125	155	21.3	56.6	29.2841483	106.2567167
2021-02-07 21:00:01	428	2	16	126	156	21.4	57.1	29.2840645	106.2567717
2021-02-07 21:00:03	418	1	10	126	156	21.3	56.5	29.2839757	106.2569112
2021-02-07 21:00:05	419	1	11	127	158	21.3	56.2	29.2838977	106.2570660
2021-02-07 21:00:07	421	1	12	127	158	21.3	55.6	29.2838295	106.2572153
2021-02-07 21:00:09	423	1	13	127	158	21.2	55.2	29.2837685	106.2573472
2021-02-07 21:00:11	425	2	14	127	158	21.2	55.1	29.2836963	106.2574438
2021-02-07 21:00:13	427	2	15	127	158	21.3	55.1	29.2836365	106.2575308
2021-02-07 21:00:15	428	2	16	127	158	21.4	55.6	29.2835957	106.2576043
2021-02-07 21:00:17	430	2	17	127	158	21.4	55.9	29.2835510	106.2576727
2021-02-07 21:00:19	418	1	10	127	158	21.3	55.8	29.2835087	106.2577637
2021-02-07 21:00:21	419	1	11	126	156	21.3	55.5	29.2834523	106.2578518
2021-02-07 21:00:23	421	1	12	126	156	21.2	55.2	29.2833985	106.2579678
2021-02-07 21:00:25	423	1	13	127	158	21.2	55.3	29.2833543	106.2581357
2021-02-07 21:00:27	425	2	14	127	158	21.2	55.3	29.2833265	106.2582963
2021-02-07 21:00:29	427	2	15	129	160	21.3	55.4	29.2833057	106.2584295
2021-02-07 21:00:31	428	2	16	130	161	21.3	55.3	29.2832788	106.2585470
2021-02-07 21:00:33	418	1	10	131	163	21.2	55.0	29.2832738	106.2586673
2021-02-07 21:00:35	419	1	11	133	165	21.2	55.0	29.2832953	106.2587933
2021-02-07 21:00:37	421	1	12	134	166	21.1	55.0	29.2832810	106.2589105
2021-02-07 21:00:39	423	1	13	135	168	21.2	55.2	29.2832822	106.2589972
2021-02-07 21:00:41	425	2	14	136	169	21.4	56.0	29.2832858	106.2590365
2021-02-07 21:00:43	427	2	15	137	170	21.4	57.4	29.2832768	106.2590393
2021-02-07 21:00:45	428	2	16	137	170	21.4	57.0	29.2832683	106.2590403
2021-02-07 21:00:47	427	2	15	138	171	21.4	56.2	29.2832658	106.2590580
2021-02-07 21:00:49	423	1	13	138	171	21.5	55.8	29.2832742	106.2590867
2021-02-07 21:00:51	432	2	18	138	171	21.6	56.4	29.2832843	106.2591255
2021-02-07 21:00:53	432	2	18	138	171	21.5	56.3	29.2832748	106.2591610
2021-02-07 21:00:55	423	1	13	139	173	21.6	55.1	29.2832600	106.2591927
2021-02-07 21:00:57	425	2	14	139	173	21.6	55.3	29.2832325	106.2592107
2021-02-07 21:00:59	419	1	11	140	174	21.7	55.2	29.2832053	106.2592202
2021-02-07 21:01:01	419	1	11	140	174	21.6	55.3	29.2831600	106.2592307
2021-02-07 21:01:03	418	1	10	141	175	21.5	54.6	29.2831033	106.2592325
2021-02-07 21:01:05	419	1	11	141	175	21.5	54.2	29.2830383	106.2592222
2021-02-07 21:01:07	421	1	12	141	175	21.5	54.5	29.2829830	106.2592188
2021-02-07 21:01:09	423	1	13	141	175	21.6	54.8	29.2829468	106.2592407
2021-02-07 21:01:11	425	2	14	140	174	21.8	54.9	29.2829472	106.2593125
2021-02-07 21:01:13	423	1	13	139	173	21.9	55.0	29.2829690	106.2593582
2021-02-07 21:01:15	428	2	16	138	171	22.0	55.7	29.2830188	106.2593892
2021-02-07 21:01:17	419	1	11	136	169	21.9	55.2	29.2831083	106.2594082
2021-02-07 21:01:19	418	1	10	134	166	21.9	54.7	29.2832203	106.2594247
2021-02-07 21:01:21	419	1	11	133	165	21.7	54.3	29.2833440	106.2594443
2021-02-07 21:01:23	421	1	12	132	164	21.4	53.8	29.2834450	106.2594602
2021-02-07 21:01:25	423	1	13	131	163	21.5	53.8	29.2834793	106.2594692
2021-02-07 21:01:27	425	2	14	131	163	21.6	55.7	29.2834945	106.2594750
2021-02-07 21:01:29	427	2	15	132	164	21.6	55.6	29.2835173	106.2594832
2021-02-07 21:01:31	428	2	16	132	164	21.7	55.1	29.2835410	106.2594885
2021-02-07 21:01:33	418	1	10	133	165	21.7	55.6	29.2835693	106.2594877
2021-02-07 21:01:35	419	1	11	134	166	21.8	55.2	29.2835987	106.2594858
2021-02-07 21:01:37	421	1	12	134	166	21.9	55.0	29.2836145	106.2594872
2021-02-07 21:01:39	423	1	13	135	168	22.0	56.3	29.2836450	106.2594835
2021-02-07 21:01:41	425	2	14	135	168	21.8	55.2	29.2837153	106.2594797
2021-02-07 21:01:43	427	2	15	135	168	21.6	54.2	29.2838133	106.2594777
2021-02-07 21:01:45	428	2	16	135	168	21.6	54.1	29.2839292	106.2594772
2021-02-07 21:01:47	430	2	17	135	168	21.6	54.3	29.2840490	106.2594792
2021-02-07 21:01:49	418	1	10	136	169	21.5	54.4	29.2841918	106.2594868
2021-02-07 21:01:51	419	1	11	136	169	21.4	54.3	29.2843443	106.2595048
2021-02-07 21:01:53	421	1	12	136	169	21.2	54.1	29.2845008	106.2595293
2021-02-07 21:01:55	423	1	13	136	169	21.1	54.3	29.2846692	106.2595637
2021-02-07 21:01:57	425	2	14	135	168	21.1	54.6	29.2848403	106.2595882
2021-02-07 21:01:59	427	2	15	135	168	21.0	54.8	29.2850177	106.2596215
2021-02-07 21:02:01	428	2	16	134	166	20.9	54.8	29.2852053	106.2596565
2021-02-07 21:02:03	418	1	10	134	166	20.8	54.7	29.2853978	106.2596920
2021-02-07 21:02:05	419	1	11	133	165	20.8	54.8	29.2855800	106.2597128
2021-02-07 21:02:07	421	1	12	132	164	20.6	54.8	29.2857662	106.2597248
2021-02-07 21:02:09	423	1	13	131	163	20.6	55.0	29.2859358	106.2597335
2021-02-07 21:02:11	425	2	14	130	161	20.6	55.4	29.2860662	106.2597358
2021-02-07 21:02:13	427	2	15	129	160	20.6	55.7	29.2861665	106.2597405
2021-02-07 21:02:15	428	2	16	128	159	20.6	55.8	29.2862617	106.2597635
2021-02-07 21:02:17	430	2	17	127	158	20.6	55.8	29.2863413	106.2598202
2021-02-07 21:02:19	418	1	10	127	158	20.5	55.7	29.2863755	106.2599045
2021-02-07 21:02:21	419	1	11	126	156	20.5	55.7	29.2863845	106.2600178
2021-02-07 21:02:23	421	1	12	126	156	20.5	55.8	29.2863803	106.2601453
2021-02-07 21:02:25	423	1	13	127	158	20.5	55.8	29.2863752	106.2602780
2021-02-07 21:02:27	425	2	14	128	159	20.5	55.8	29.2863678	106.2604220
2021-02-07 21:02:29	427	2	15	128	159	20.5	55.8	29.2863618	106.2605712
2021-02-07 21:02:31	428	2	16	128	159	20.6	55.8	29.2863618	106.2607408
2021-02-07 21:02:33	418	1	10	128	159	20.5	55.7	29.2864338	106.2609160
2021-02-07 21:02:35	419	1	11	128	159	20.4	55.6	29.2864257	106.2611148
2021-02-07 21:02:37	421	1	12	126	156	20.4	55.7	29.2864103	106.2613043
2021-02-07 21:02:39	423	1	13	125	155	20.4	55.8	29.2863985	106.2614973
2021-02-07 21:02:41	425	2	14	123	153	20.4	55.9	29.2863988	106.2616805
2021-02-07 21:02:43	427	2	15	122	151	20.4	55.9	29.2863995	106.2618533
2021-02-07 21:02:45	428	2	16	120	149	20.4	56.0	29.2863912	106.2620077
2021-02-07 21:02:47	430	2	17	119	148	20.5	56.0	29.2863890	106.2621593
2021-02-07 21:02:49	418	1	10	118	146	20.6	56.3	29.2863918	106.2623090
2021-02-07 21:02:51	419	1	11	118	146	20.6	56.6	29.2863893	106.2624490
2021-02-07 21:02:53	421	1	12	118	146	20.7	56.5	29.2863805	106.2625535
2021-02-07 21:02:55	423	1	13	118	146	20.6	56.3	29.2863688	106.2626472
2021-02-07 21:02:57	425	2	14	118	146	20.6	55.9	29.2863497	106.2627503
2021-02-07 21:02:59	427	2	15	119	148	20.7	56.0	29.2863270	106.2628663
2021-02-07 21:03:01	428	2	16	120	149	20.7	56.0	29.2863032	106.2629903
2021-02-07 21:03:03	418	1	10	120	149	20.7	56.1	29.2862768	106.2630923
2021-02-07 21:03:05	419	1	11	120	149	20.7	55.7	29.2862505	106.2631920
2021-02-07 21:03:07	421	1	12	120	149	20.7	55.6	29.2862202	106.2633038
2021-02-07 21:03:09	423	1	13	119	148	20.8	55.6	29.2861858	106.2634242
2021-02-07 21:03:11	425	2	14	118	146	20.8	55.6	29.2861507	106.2635335
2021-02-07 21:03:13	427	2	15	117	145	20.8	55.6	29.2861125	106.2636363
2021-02-07 21:03:15	428	2	16	117	145	20.7	55.5	29.2860568	106.2637770
2021-02-07 21:03:17	418	1	10	116	144	20.8	55.4	29.2859965	106.2639180
2021-02-07 21:03:19	419	1	11	117	145	20.8	55.7	29.2859523	106.2640192
2021-02-07 21:03:21	421	1	12	117	145	20.8	55.6	29.2859015	106.2641217
2021-02-07 21:03:23	423	1	13	118	146	20.7	55.5	29.2858373	106.2642467
2021-02-07 21:03:25	425	2	14	119	148	20.7	55.6	29.2857802	106.2643658
2021-02-07 21:03:27	427	2	15	120	149	20.6	55.6	29.2857215	106.2644915
2021-02-07 21:03:29	428	2	16	121	150	20.5	55.7	29.2856408	106.2646287
2021-02-07 21:03:31	430	2	17	122	151	20.5	55.8	29.2855533	106.2647672
2021-02-07 21:03:33	418	1	10	122	151	20.4	56.1	29.2854725	106.2648973
2021-02-07 21:03:35	419	1	11	123	153	20.4	56.1	29.2853855	106.2650270
2021-02-07 21:03:37	421	1	12	123	153	20.4	56.2	29.2852938	106.2651615
2021-02-07 21:03:39	423	1	13	123	153	20.3	56.2	29.2851990	106.2652990
2021-02-07 21:03:41	425	2	14	123	153	20.3	56.3	29.2851090	106.2654260
2021-02-07 21:03:43	427	2	15	124	154	20.4	56.8	29.2850480	106.2655280
2021-02-07 21:03:45	428	2	16	124	154	20.5	57.2	29.2849968	106.2656193
2021-02-07 21:03:47	418	1	10	124	154	20.5	57.0	29.2849442	106.2657155
2021-02-07 21:03:49	419	1	11	124	154	20.5	56.8	29.2848913	106.2657948
2021-02-07 21:03:51	421	1	12	124	154	20.7	56.9	29.2848578	106.2658453
2021-02-07 21:03:53	423	1	13	124	154	20.7	57.1	29.2848330	106.2658953
2021-02-07 21:03:55	425	2	14	125	155	20.8	56.9	29.2848362	106.2659562
2021-02-07 21:03:57	427	2	15	125	155	20.8	57.0	29.2848703	106.2660162
2021-02-07 21:03:59	428	2	16	126	156	20.9	56.6	29.2849317	106.2660705
2021-02-07 21:04:01	430	2	17	126	156	20.8	56.1	29.2849867	106.2661128
2021-02-07 21:04:03	418	1	10	127	158	20.7	55.7	29.2851307	106.2662107
2021-02-07 21:04:05	419	1	11	127	158	20.6	55.5	29.2852910	106.2663128
2021-02-07 21:04:07	421	1	12	127	158	20.5	55.4	29.2854473	106.2664383
2021-02-07 21:04:09	423	1	13	126	156	20.4	55.3	29.2856115	106.2665783
2021-02-07 21:04:11	425	2	14	126	156	20.4	55.5	29.2857882	106.2667228
2021-02-07 21:04:13	427	2	15	125	155	20.3	55.8	29.2859740	106.2668685
2021-02-07 21:04:15	428	2	16	124	154	20.4	56.1	29.2861523	106.2670212
2021-02-07 21:04:17	418	1	10	124	154	20.3	56.0	29.2863148	106.2671617
2021-02-07 21:04:19	419	1	11	124	154	20.2	55.8	29.2864860	106.2672970
2021-02-07 21:04:21	421	1	12	124	154	20.2	55.9	29.2866575	106.2674283
2021-02-07 21:04:23	423	1	13	124	154	20.1	55.9	29.2868315	106.2675493
2021-02-07 21:04:25	425	2	14	124	154	20.1	56.1	29.2870117	106.2676717
2021-02-07 21:04:27	427	2	15	124	154	20.1	56.2	29.2871643	106.2677897
2021-02-07 21:04:29	428	2	16	123	153	20.1	56.5	29.2872997	106.2679010
2021-02-07 21:04:31	430	2	17	123	153	20.1	56.6	29.2874273	106.2680045
2021-02-07 21:04:33	418	1	10	123	153	20.1	56.6	29.2875043	106.2681138
2021-02-07 21:04:35	419	1	11	123	153	20.1	56.6	29.2875137	106.2682403
2021-02-07 21:04:37	421	1	12	123	153	20.1	56.6	29.2874563	106.2683662
2021-02-07 21:04:39	423	1	13	123	153	20.1	56.6	29.2873712	106.2684935
2021-02-07 21:04:41	425	2	14	122	151	20.1	56.5	29.2872702	106.2686282
2021-02-07 21:04:43	427	2	15	122	151	20.1	56.6	29.2871570	106.2687675
2021-02-07 21:04:45	428	2	16	120	149	20.1	56.5	29.2870318	106.2689073
2021-02-07 21:04:47	418	1	10	119	148	20.0	56.7	29.2868948	106.2690472
2021-02-07 21:04:49	419	1	11	118	146	20.0	57.0	29.2867492	106.2691877
2021-02-07 21:04:51	421	1	12	116	144	19.9	57.3	29.2865965	106.2693282
2021-02-07 21:04:53	423	1	13	115	143	19.9	57.4	29.2864427	106.2694703
2021-02-07 21:04:55	425	2	14	114	141	19.9	57.4	29.2862937	106.2696088
2021-02-07 21:04:57	427	2	15	114	141	19.9	57.5	29.2861413	106.2697440
2021-02-07 21:04:59	428	2	16	114	141	19.9	57.5	29.2859977	106.2698702
2021-02-07 21:05:01	430	2	17	114	141	19.9	57.4	29.2858687	106.2699855
2021-02-07 21:05:03	418	1	10	114	141	19.9	57.4	29.2857502	106.2700933
2021-02-07 21:05:05	419	1	11	115	143	19.9	57.4	29.2856337	106.2701937
2021-02-07 21:05:07	421	1	12	116	144	19.9	57.3	29.2855127	106.2702775
2021-02-07 21:05:09	423	1	13	117	145	19.9	57.2	29.2854060	106.2703470
2021-02-07 21:05:11	425	2	14	118	146	20.0	57.2	29.2853062	106.2704138
2021-02-07 21:05:13	427	2	15	119	148	20.0	57.3	29.2851960	106.2704933
2021-02-07 21:05:15	428	2	16	120	149	20.0	57.2	29.2850713	106.2705733
2021-02-07 21:05:17	418	1	10	121	150	20.0	57.4	29.2849423	106.2706668
2021-02-07 21:05:19	419	1	11	121	150	20.0	57.5	29.2848072	106.2707668
2021-02-07 21:05:21	421	1	12	121	150	19.9	57.7	29.2846717	106.2708545
2021-02-07 21:05:23	423	1	13	121	150	20.0	57.7	29.2845457	106.2709427
2021-02-07 21:05:25	425	2	14	121	150	19.9	57.8	29.2844157	106.2710277
2021-02-07 21:05:27	427	2	15	121	150	19.9	57.9	29.2842758	106.2711158
2021-02-07 21:05:29	428	2	16	121	150	19.9	57.8	29.2841430	106.2712000
2021-02-07 21:05:31	430	2	17	122	151	19.9	58.0	29.2840272	106.2712827
2021-02-07 21:05:33	418	1	10	122	151	19.9	58.1	29.2839308	106.2713462
2021-02-07 21:05:35	419	1	11	122	151	19.9	58.1	29.2838422	106.2713517
2021-02-07 21:05:37	421	1	12	122	151	19.9	58.0	29.2837752	106.2712905
2021-02-07 21:05:39	423	1	13	122	151	19.9	58.1	29.2836985	106.2711957
2021-02-07 21:05:41	425	2	14	121	150	19.9	58.3	29.2836115	106.2710898
2021-02-07 21:05:43	427	2	15	121	150	19.9	58.4	29.2835357	106.2709918
2021-02-07 21:05:45	428	2	16	120	149	19.9	58.4	29.2834412	106.2708795
2021-02-07 21:05:47	418	1	10	119	148	19.9	58.5	29.2833437	106.2707653
2021-02-07 21:05:49	419	1	11	118	146	19.8	58.4	29.2832490	106.2706322
2021-02-07 21:05:51	421	1	12	118	146	19.8	58.4	29.2831550	106.2705027
2021-02-07 21:05:53	423	1	13	118	146	19.8	58.4	29.2830595	106.2703813
2021-02-07 21:05:55	425	2	14	118	146	19.7	58.5	29.2829592	106.2702705
2021-02-07 21:05:57	427	2	15	118	146	19.7	58.4	29.2828708	106.2701625
2021-02-07 21:05:59	428	2	16	118	146	19.7	58.4	29.2827950	106.2700753
2021-02-07 21:06:01	430	2	17	118	146	19.8	58.2	29.2827422	106.2700080
2021-02-07 21:06:03	418	1	10	118	146	19.9	58.2	29.2827108	106.2699717
2021-02-07 21:06:05	419	1	11	119	148	20.1	58.9	29.2827012	106.2699702
2021-02-07 21:06:07	421	1	12	119	148	20.2	59.0	29.2826932	106.2699688
2021-02-07 21:06:09	423	1	13	119	148	20.3	58.7	29.2826892	106.2699665
2021-02-07 21:06:11	425	2	14	120	149	20.3	58.4	29.2826850	106.2699600
2021-02-07 21:06:13	427	2	15	121	150	20.5	58.0	29.2826827	106.2699535
2021-02-07 21:06:15	428	2	16	121	150	20.6	58.7	29.2826815	106.2699508
2021-02-07 21:06:17	418	1	10	122	151	20.8	59.6	29.2826803	106.2699490
2021-02-07 21:06:19	418	1	10	123	153	20.9	60.4	29.2826800	106.2699478
2021-02-07 21:06:21	430	2	17	123	153	21.0	60.7	29.2826793	106.2699472
2021-02-07 21:06:23	443	3	24	124	154	21.0	59.7	29.2826793	106.2699470
2021-02-07 21:06:25	445	3	25	125	155	21.1	59.3	29.2826792	106.2699468
2021-02-07 21:06:27	439	3	22	125	155	21.2	59.1	29.2826788	106.2699467
2021-02-07 21:06:29	432	2	18	126	156	21.4	59.6	29.2826785	106.2699457
2021-02-07 21:06:31	441	3	23	126	156	21.4	59.2	29.2826787	106.2699447
2021-02-07 21:06:33	450	4	28	127	158	21.5	58.2	29.2826793	106.2699437
2021-02-07 21:06:35	450	4	28	127	158	21.5	57.9	29.2826798	106.2699428
2021-02-07 21:06:37	443	3	24	127	158	21.6	58.1	29.2826803	106.2699422
2021-02-07 21:06:39	443	3	24	128	159	21.7	58.2	29.2826810	106.2699413
2021-02-07 21:06:41	443	3	24	129	160	21.8	57.6	29.2826807	106.2699407
2021-02-07 21:06:43	443	3	24	129	160	21.8	57.6	29.2826802	106.2699398
2021-02-07 21:06:45	445	3	25	130	161	21.8	57.7	29.2826762	106.2699343
2021-02-07 21:06:47	439	3	22	130	161	21.7	56.5	29.2826542	106.2699072
2021-02-07 21:06:49	430	2	17	131	163	21.6	55.0	29.2826160	106.2698592
2021-02-07 21:06:51	423	1	13	131	163	21.3	54.4	29.2825597	106.2697917
2021-02-07 21:06:53	418	1	10	130	161	21.2	54.2	29.2824907	106.2697177
2021-02-07 21:06:55	427	2	15	129	160	21.2	54.2	29.2824068	106.2696543
2021-02-07 21:06:57	418	1	10	128	159	21.3	54.6	29.2823192	106.2696400
2021-02-07 21:06:59	428	2	16	127	158	21.4	56.0	29.2822465	106.2696880
2021-02-07 21:07:01	430	2	17	126	156	21.4	56.2	29.2821783	106.2697790
2021-02-07 21:07:03	419	1	11	125	155	21.2	55.9	29.2820957	106.2699005
2021-02-07 21:07:05	421	1	12	124	154	21.1	55.3	29.2819995	106.2700430
2021-02-07 21:07:07	423	1	13	123	153	21.0	55.1	29.2818808	106.2702222
2021-02-07 21:07:09	425	2	14	123	153	20.9	55.1	29.2817635	106.2703980
2021-02-07 21:07:11	427	2	15	122	151	20.8	55.2	29.2816343	106.2705710
2021-02-07 21:07:13	428	2	16	122	151	20.7	55.4	29.2815045	106.2707390
2021-02-07 21:07:15	418	1	10	122	151	20.7	55.5	29.2814063	106.2708718
2021-02-07 21:07:17	419	1	11	121	150	20.8	56.0	29.2813293	106.2709775
2021-02-07 21:07:19	421	1	12	121	150	20.8	56.6	29.2812618	106.2710770
2021-02-07 21:07:21	423	1	13	120	149	20.8	56.4	29.2811845	106.2711927
2021-02-07 21:07:23	425	2	14	119	148	20.7	56.1	29.2810952	106.2713285
2021-02-07 21:07:25	427	2	15	119	148	20.7	56.2	29.2809950	106.2714782
2021-02-07 21:07:27	428	2	16	119	148	20.6	56.3	29.2808880	106.2716362
2021-02-07 21:07:29	430	2	17	119	148	20.6	56.5	29.2807748	106.2717912
2021-02-07 21:07:31	418	1	10	119	148	20.6	56.7	29.2806848	106.2719073
2021-02-07 21:07:33	419	1	11	120	149	20.7	57.1	29.2806262	106.2719910
2021-02-07 21:07:35	421	1	12	120	149	20.7	57.3	29.2805582	106.2720833
2021-02-07 21:07:37	423	1	13	121	150	20.7	57.1	29.2804612	106.2721890
2021-02-07 21:07:39	425	2	14	121	150	20.6	57.1	29.2803552	106.2723078
2021-02-07 21:07:41	427	2	15	122	151	20.6	57.1	29.2802288	106.2724198
2021-02-07 21:07:43	428	2	16	122	151	20.6	57.3	29.2801280	106.2725343
2021-02-07 21:07:45	418	1	10	123	153	20.6	57.2	29.2800393	106.2726042
2021-02-07 21:07:47	423	1	13	123	153	20.6	57.4	29.2799637	106.2726675
2021-02-07 21:07:49	428	2	16	123	153	20.6	57.5	29.2798870	106.2726990
2021-02-07 21:07:51	436	2	20	123	153	20.6	57.5	29.2798108	106.2726878
2021-02-07 21:07:53	441	3	23	123	153	20.6	57.4	29.2797447	106.2726222
2021-02-07 21:07:55	445	3	25	124	154	20.6	57.3	29.2796423	106.2725320
2021-02-07 21:07:57	443	3	24	124	154	20.6	57.3	29.2795328	106.2724308
2021-02-07 21:07:59	436	2	20	125	155	20.6	57.5	29.2794032	106.2723223
2021-02-07 21:08:01	428	2	16	126	156	20.6	57.6	29.2792755	106.2722068
2021-02-07 21:08:03	423	1	13	126	156	20.6	57.6	29.2791860	106.2721125
2021-02-07 21:08:05	423	1	13	127	158	20.7	57.7	29.2791218	106.2720585
2021-02-07 21:08:07	427	2	15	128	159	20.8	58.4	29.2790948	106.2720368
2021-02-07 21:08:09	436	2	20	128	159	21.0	58.5	29.2790597	106.2720090
2021-02-07 21:08:11	441	3	23	129	160	20.8	58.1	29.2789978	106.2719478
2021-02-07 21:08:13	437	3	21	129	160	20.7	57.2	29.2789088	106.2718580
2021-02-07 21:08:15	427	2	15	130	161	20.7	56.9	29.2788012	106.2717492
2021-02-07 21:08:17	418	1	10	131	163	20.6	56.6	29.2786828	106.2716230
2021-02-07 21:08:19	421	1	12	131	163	20.5	56.4	29.2785615	106.2714970
2021-02-07 21:08:21	423	1	13	131	163	20.5	56.3	29.2784597	106.2713900
2021-02-07 21:08:23	425	2	14	132	164	20.5	56.6	29.2783903	106.2713165
2021-02-07 21:08:25	427	2	15	132	164	20.6	57.0	29.2783287	106.2712615
2021-02-07 21:08:27	428	2	16	132	164	20.7	57.1	29.2782467	106.2712382
2021-02-07 21:08:29	430	2	17	132	164	20.8	57.2	29.2781573	106.2712772
2021-02-07 21:08:31	418	1	10	131	163	20.8	57.2	29.2780825	106.2713513
2021-02-07 21:08:33	419	1	11	130	161	20.9	57.3	29.2780393	106.2713983
2021-02-07 21:08:35	418	1	10	129	160	21.0	57.3	29.2780138	106.2714250
2021-02-07 21:08:37	425	2	14	127	158	21.0	57.9	29.2779918	106.2714660
2021-02-07 21:08:39	423	1	13	126	156	20.9	57.0	29.2779413	106.2715065
2021-02-07 21:08:41	418	1	10	124	154	20.9	56.3	29.2778620	106.2715555
2021-02-07 21:08:43	428	2	16	123	153	20.7	55.9	29.2777925	106.2716577
2021-02-07 21:08:45	418	1	10	122	151	20.7	56.0	29.2777012	106.2717558
2021-02-07 21:08:47	419	1	11	122	151	20.6	56.2	29.2776135	106.2718508
2021-02-07 21:08:49	421	1	12	121	150	20.5	56.4	29.2775287	106.2719478
2021-02-07 21:08:51	423	1	13	121	150	20.4	56.5	29.2774438	106.2720413
2021-02-07 21:08:53	425	2	14	120	149	20.4	56.7	29.2773647	106.2721267
2021-02-07 21:08:55	427	2	15	120	149	20.2	56.9	29.2772745	106.2722045
2021-02-07 21:08:57	428	2	16	119	148	20.2	57.1	29.2771848	106.2723020
2021-02-07 21:08:59	430	2	17	119	148	20.1	57.4	29.2771058	106.2723928
2021-02-07 21:09:01	418	1	10	119	148	20.1	57.5	29.2770575	106.2724480
2021-02-07 21:09:03	419	1	11	120	149	20.0	58.0	29.2770020	106.2724938
2021-02-07 21:09:05	421	1	12	120	149	19.9	58.7	29.2769322	106.2725533
2021-02-07 21:09:07	423	1	13	121	150	19.7	58.8	29.2768485	106.2726372
2021-02-07 21:09:09	425	2	14	121	150	19.4	58.8	29.2767555	106.2727230
2021-02-07 21:09:11	427	2	15	122	151	19.2	59.0	29.2766557	106.2728125
2021-02-07 21:09:13	428	2	16	123	153	19.0	59.4	29.2765642	106.2729037
2021-02-07 21:09:15	418	1	10	123	153	18.9	59.8	29.2764818	106.2729862
2021-02-07 21:09:17	419	1	11	124	154	18.8	60.3	29.2764032	106.2730643
2021-02-07 21:09:19	421	1	12	124	154	18.7	60.5	29.2763172	106.2731470
2021-02-07 21:09:21	423	1	13	125	155	18.6	60.7	29.2762292	106.2732337
2021-02-07 21:09:23	425	2	14	125	155	18.6	61.0	29.2761413	106.2733212
2021-02-07 21:09:25	427	2	15	125	155	18.5	61.2	29.2760472	106.2734138
2021-02-07 21:09:27	428	2	16	124	154	18.5	61.4	29.2759568	106.2735007
2021-02-07 21:09:29	430	2	17	124	154	18.5	61.7	29.2758722	106.2735845
2021-02-07 21:09:31	418	1	10	124	154	18.4	61.8	29.2757790	106.2736770
2021-02-07 21:09:33	419	1	11	123	153	18.5	61.8	29.2756808	106.2737780
2021-02-07 21:09:35	421	1	12	123	153	18.5	61.8	29.2755812	106.2738763
2021-02-07 21:09:37	423	1	13	122	151	18.4	61.8	29.2754865	106.2739687
2021-02-07 21:09:39	425	2	14	122	151	18.4	61.8	29.2754102	106.2740433
2021-02-07 21:09:41	427	2	15	121	150	18.5	61.7	29.2753438	106.2741048
2021-02-07 21:09:43	428	2	16	121	150	18.6	61.7	29.2752867	106.2741650
2021-02-07 21:09:45	418	1	10	120	149	18.7	61.6	29.2752490	106.2742473
2021-02-07 21:09:47	419	1	11	119	148	19.0	62.1	29.2752555	106.2743642
2021-02-07 21:09:49	421	1	12	118	146	19.2	63.0	29.2753090	106.2744927
2021-02-07 21:09:51	423	1	13	116	144	19.2	63.0	29.2753902	106.2746335
2021-02-07 21:09:53	427	2	15	115	143	19.0	61.6	29.2754817	106.2747857
2021-02-07 21:09:55	428	2	16	115	143	18.8	61.0	29.2755723	106.2749367
2021-02-07 21:09:57	418	1	10	115	143	18.6	60.8	29.2756490	106.2750630
2021-02-07 21:09:59	419	1	11	115	143	18.5	60.7	29.2757247	106.2751835
2021-02-07 21:10:01	421	1	12	115	143	18.4	60.7	29.2758035	106.2753110
2021-02-07 21:10:03	423	1	13	115	143	18.3	60.9	29.2758818	106.2754362
2021-02-07 21:10:05	425	2	14	116	144	18.2	61.1	29.2759690	106.2755783
2021-02-07 21:10:07	427	2	15	116	144	18.2	61.1	29.2760620	106.2757280
2021-02-07 21:10:09	428	2	16	117	145	18.2	61.3	29.2761472	106.2758565
2021-02-07 21:10:11	430	2	17	117	145	18.4	61.6	29.2762215	106.2759693
2021-02-07 21:10:13	418	1	10	118	146	18.5	61.9	29.2762873	106.2760702
2021-02-07 21:10:15	419	1	11	119	148	18.5	61.8	29.2763390	106.2761513
2021-02-07 21:10:17	421	1	12	119	148	18.6	61.6	29.2763907	106.2762287
2021-02-07 21:10:19	423	1	13	119	148	18.5	61.5	29.2764587	106.2763313
2021-02-07 21:10:21	425	2	14	119	148	18.5	61.5	29.2765393	106.2764542
2021-02-07 21:10:23	427	2	15	119	148	18.4	61.5	29.2766162	106.2765753
2021-02-07 21:10:25	428	2	16	119	148	18.4	61.6	29.2766952	106.2766995
2021-02-07 21:10:27	418	1	10	119	148	18.4	61.6	29.2767827	106.2768388
2021-02-07 21:10:29	419	1	11	119	148	18.4	61.7	29.2768797	106.2769942
2021-02-07 21:10:31	421	1	12	119	148	18.5	61.7	29.2769825	106.2771582
2021-02-07 21:10:33	423	1	13	120	149	18.5	61.7	29.2770890	106.2773350
2021-02-07 21:10:35	425	2	14	121	150	18.5	61.7	29.2771982	106.2775177
2021-02-07 21:10:37	427	2	15	121	150	18.8	62.3	29.2773042	106.2776967
2021-02-07 21:10:39	428	2	16	122	151	18.9	62.7	29.2773995	106.2778560
2021-02-07 21:10:41	418	1	10	122	151	19.0	62.7	29.2774657	106.2780093
2021-02-07 21:10:43	418	1	10	122	151	18.9	62.2	29.2775440	106.2781143
2021-02-07 21:10:45	419	1	11	122	151	19.0	62.1	29.2775945	106.2781742
2021-02-07 21:10:47	421	1	12	121	150	19.0	62.0	29.2776170	106.2782605
2021-02-07 21:10:49	423	1	13	120	149	19.0	61.9	29.2776062	106.2783382
2021-02-07 21:10:51	425	2	14	120	149	18.9	61.8	29.2775642	106.2784112
2021-02-07 21:10:53	427	2	15	119	148	18.8	61.6	29.2774792	106.2784802
2021-02-07 21:10:55	428	2	16	120	149	18.8	61.6	29.2773825	106.2785743
2021-02-07 21:10:57	418	1	10	120	149	18.8	61.8	29.2772708	106.2786768
2021-02-07 21:10:59	419	1	11	120	149	18.6	61.8	29.2771508	106.2787657
2021-02-07 21:11:01	421	1	12	121	150	18.6	61.8	29.2770115	106.2788597
2021-02-07 21:11:03	423	1	13	121	150	18.7	62.1	29.2768613	106.2789750
2021-02-07 21:11:05	425	2	14	122	151	18.8	62.5	29.2767018	106.2791013
2021-02-07 21:11:07	418	1	10	121	150	18.9	62.8	29.2765305	106.2792317
2021-02-07 21:11:09	428	2	16	120	149	18.7	62.6	29.2763540	106.2793698
2021-02-07 21:11:11	430	2	17	119	148	18.4	62.4	29.2761673	106.2795138
2021-02-07 21:11:13	418	1	10	118	146	18.3	62.5	29.2759672	106.2796597
2021-02-07 21:11:15	419	1	11	116	144	18.2	62.6	29.2757627	106.2798133
2021-02-07 21:11:17	421	1	12	114	141	18.2	62.8	29.2755552	106.2799602
2021-02-07 21:11:19	423	1	13	113	140	18.2	63.0	29.2753467	106.2801098
2021-02-07 21:11:21	425	2	14	113	140	18.2	63.3	29.2751442	106.2802700
2021-02-07 21:11:23	427	2	15	113	140	18.2	63.4	29.2749472	106.2804223
2021-02-07 21:11:25	428	2	16	113	140	18.3	63.4	29.2747505	106.2805792
2021-02-07 21:11:27	418	1	10	113	140	18.3	63.4	29.2745578	106.2807288
2021-02-07 21:11:29	419	1	11	114	141	18.3	63.4	29.2743742	106.2808758
2021-02-07 21:11:31	421	1	12	114	141	18.3	63.3	29.2742047	106.2810140
2021-02-07 21:11:33	423	1	13	115	143	18.3	63.3	29.2740390	106.2811420
2021-02-07 21:11:35	425	2	14	116	144	18.3	63.3	29.2738748	106.2812653
2021-02-07 21:11:37	427	2	15	116	144	18.2	63.2	29.2737183	106.2813698
2021-02-07 21:11:39	428	2	16	117	145	18.1	63.2	29.2735830	106.2814635
2021-02-07 21:11:41	430	2	17	118	146	18.1	63.2	29.2734677	106.2815463
2021-02-07 21:11:43	418	1	10	118	146	18.2	63.3	29.2733798	106.2815860
2021-02-07 21:11:45	419	1	11	119	148	18.2	63.5	29.2733203	106.2815507
2021-02-07 21:11:47	421	1	12	120	149	18.1	63.5	29.2732867	106.2814587
2021-02-07 21:11:49	423	1	13	121	150	18.0	63.6	29.2732647	106.2813522
2021-02-07 21:11:51	425	2	14	121	150	17.9	63.7	29.2732407	106.2812155
2021-02-07 21:11:53	427	2	15	122	151	17.9	63.9	29.2731965	106.2810517
2021-02-07 21:11:55	428	2	16	122	151	17.9	64.0	29.2731573	106.2808773
2021-02-07 21:11:57	418	1	10	123	153	17.8	64.2	29.2731207	106.2807025
2021-02-07 21:11:59	419	1	11	123	153	17.8	64.3	29.2730777	106.2805147
2021-02-07 21:12:01	421	1	12	124	154	17.8	64.4	29.2730205	106.2803253
2021-02-07 21:12:03	423	1	13	125	155	17.7	64.4	29.2729675	106.2801400
2021-02-07 21:12:05	425	2	14	126	156	17.7	64.5	29.2729052	106.2799537
2021-02-07 21:12:07	427	2	15	126	156	17.7	64.5	29.2728468	106.2797618
2021-02-07 21:12:09	428	2	16	127	158	17.8	64.5	29.2727987	106.2795745
2021-02-07 21:12:11	430	2	17	128	159	17.8	64.5	29.2727463	106.2794278
2021-02-07 21:12:13	418	1	10	128	159	17.9	64.5	29.2726988	106.2792927
2021-02-07 21:12:15	419	1	11	129	160	17.9	64.2	29.2726700	106.2791475
2021-02-07 21:12:17	421	1	12	130	161	17.8	63.9	29.2726487	106.2789900
2021-02-07 21:12:19	423	1	13	130	161	17.7	63.8	29.2726577	106.2788345
2021-02-07 21:12:21	425	2	14	131	163	17.7	63.8	29.2727278	106.2787123
2021-02-07 21:12:23	427	2	15	131	163	17.7	63.8	29.2728453	106.2786267
2021-02-07 21:12:25	428	2	16	130	161	17.6	63.8	29.2729990	106.2785642
2021-02-07 21:12:27	418	1	10	130	161	17.7	63.9	29.2731680	106.2784988
2021-02-07 21:12:29	419	1	11	128	159	17.7	64.0	29.2733478	106.2784308
2021-02-07 21:12:31	421	1	12	127	158	17.8	64.2	29.2735367	106.2783638
2021-02-07 21:12:33	423	1	13	127	158	17.9	64.2	29.2737367	106.2782925
2021-02-07 21:12:35	425	2	14	126	156	18.0	63.9	29.2739322	106.2782133
2021-02-07 21:12:37	427	2	15	126	156	18.1	63.7	29.2741162	106.2781285
2021-02-07 21:12:39	428	2	16	126	156	18.2	63.3	29.2742973	106.2780763
2021-02-07 21:12:41	430	2	17	126	156	18.2	63.0	29.2744605	106.2780180
2021-02-07 21:12:43	418	1	10	125	155	18.1	62.6	29.2745972	106.2779520
2021-02-07 21:12:45	419	1	11	125	155	18.0	62.4	29.2747305	106.2779045
2021-02-07 21:12:47	421	1	12	125	155	18.0	62.3	29.2748545	106.2778540
2021-02-07 21:12:49	423	1	13	125	155	18.1	62.4	29.2749735	106.2777835
2021-02-07 21:12:51	425	2	14	125	155	18.1	62.4	29.2751000	106.2777015
2021-02-07 21:12:53	427	2	15	125	155	18.3	62.6	29.2752245	106.2776303
2021-02-07 21:12:55	428	2	16	124	154	18.3	62.6	29.2753445	106.2775520
2021-02-07 21:12:57	418	1	10	123	153	18.5	62.6	29.2754680	106.2774538
2021-02-07 21:12:59	419	1	11	122	151	18.4	62.6	29.2756067	106.2773470
2021-02-07 21:13:01	421	1	12	122	151	18.3	62.3	29.2757468	106.2772323
2021-02-07 21:13:03	423	1	13	121	150	18.5	62.2	29.2758832	106.2771177
2021-02-07 21:13:05	425	2	14	121	150	18.5	62.3	29.2760120	106.2769983
2021-02-07 21:13:07	427	2	15	120	149	18.4	62.0	29.2761472	106.2768758
2021-02-07 21:13:09	428	2	16	120	149	18.4	61.8	29.2762753	106.2767575
2021-02-07 21:13:11	430	2	17	120	149	18.5	61.7	29.2763830	106.2766713
2021-02-07 21:13:13	419	1	11	120	149	18.7	61.7	29.2764398	106.2766440
2021-02-07 21:13:15	421	1	12	121	150	18.9	62.5	29.2764428	106.2766473
2021-02-07 21:13:17	419	1	11	121	150	19.0	63.3	29.2764465	106.2766475
2021-02-07 21:13:19	421	1	12	122	151	18.9	63.9	29.2764697	106.2766465
2021-02-07 21:13:21	427	2	15	123	153	18.8	62.9	29.2765162	106.2766483
2021-02-07 21:13:23	428	2	16	123	153	18.6	62.2	29.2765877	106.2766770
2021-02-07 21:13:25	430	2	17	124	154	18.5	62.0	29.2766745	106.2767683
2021-02-07 21:13:27	418	1	10	125	155	18.5	62.0	29.2767700	106.2768835
2021-02-07 21:13:29	419	1	11	125	155	18.6	62.3	29.2768677	106.2770175
2021-02-07 21:13:31	421	1	12	126	156	18.5	62.2	29.2769693	106.2771632
2021-02-07 21:13:33	423	1	13	127	158	18.6	62.2	29.2770685	106.2773153
2021-02-07 21:13:35	425	2	14	127	158	18.6	62.4	29.2771510	106.2774898
2021-02-07 21:13:37	427	2	15	128	159	18.7	62.6	29.2772640	106.2776610
2021-02-07 21:13:39	428	2	16	128	159	18.7	62.6	29.2773820	106.2778373
2021-02-07 21:13:41	418	1	10	127	158	18.7	62.4	29.2774890	106.2779998
2021-02-07 21:13:43	419	1	11	127	158	18.8	62.4	29.2775780	106.2781303
2021-02-07 21:13:45	421	1	12	125	155	18.9	62.6	29.2776685	106.2782097
2021-02-07 21:13:47	423	1	13	124	154	18.9	62.5	29.2777847	106.2782480
2021-02-07 21:13:49	425	2	14	122	151	19.0	62.4	29.2778973	106.2782277
2021-02-07 21:13:51	427	2	15	122	151	19.0	62.4	29.2780045	106.2781592
2021-02-07 21:13:53	428	2	16	121	150	18.9	62.2	29.2781198	106.2780515
2021-02-07 21:13:55	430	2	17	120	149	18.7	61.9	29.2782442	106.2779243
2021-02-07 21:13:57	418	1	10	120	149	18.7	61.9	29.2783843	106.2777793
2021-02-07 21:13:59	419	1	11	120	149	18.8	62.0	29.2785410	106.2776205
2021-02-07 21:14:01	421	1	12	119	148	18.9	62.2	29.2787030	106.2774300
2021-02-07 21:14:03	423	1	13	119	148	19.1	62.5	29.2788765	106.2772317
2021-02-07 21:14:05	425	2	14	118	146	19.3	62.6	29.2790677	106.2770527
2021-02-07 21:14:07	427	2	15	117	145	19.5	62.8	29.2792628	106.2768710
2021-02-07 21:14:09	419	1	11	116	144	19.8	63.0	29.2794223	106.2766863
2021-02-07 21:14:11	421	1	12	115	143	19.8	62.8	0.0000000	0.0000000
2021-02-07 21:14:13	421	1	12	114	141	19.9	62.1	0.0000000	0.0000000
2021-02-07 21:14:15	421	1	12	114	141	20.0	61.5	29.2799462	106.2760907
2021-02-07 21:14:17	419	1	11	114	141	19.9	61.1	29.2801637	106.2759190
2021-02-07 21:14:19	425	2	14	114	141	19.8	60.5	29.2803495	106.2757427
2021-02-07 21:14:21	427	2	15	114	141	19.8	60.2	29.2805208	106.2755882
2021-02-07 21:14:23	428	2	16	115	143	19.7	59.9	29.2806703	106.2754470
2021-02-07 21:14:25	430	2	17	115	143	19.6	59.8	29.2807997	106.2753088
2021-02-07 21:14:27	418	1	10	116	144	19.3	59.4	29.2809105	106.2751747
2021-02-07 21:14:29	419	1	11	117	145	19.1	59.4	29.2810140	106.2750537
2021-02-07 21:14:31	421	1	12	117	145	18.9	59.6	29.2811197	106.2749518
2021-02-07 21:14:33	423	1	13	118	146	18.8	60.0	29.2812138	106.2748407
2021-02-07 21:14:35	425	2	14	119	148	18.8	60.3	29.2812938	106.2747672
2021-02-07 21:14:37	427	2	15	119	148	18.9	60.9	29.2813545	106.2747373
2021-02-07 21:14:39	428	2	16	120	149	18.8	61.1	29.2814133	106.2747157
2021-02-07 21:14:41	418	1	10	121	150	18.6	61.1	29.2814940	106.2747292
2021-02-07 21:14:43	419	1	11	121	150	18.5	61.3	29.2815750	106.2747835
2021-02-07 21:14:45	421	1	12	122	151	18.3	61.7	29.2816633	106.2748358
2021-02-07 21:14:47	423	1	13	122	151	18.3	62.0	29.2817412	106.2749038
2021-02-07 21:14:49	425	2	14	123	153	18.3	62.3	29.2818108	106.2749907
2021-02-07 21:14:51	427	2	15	123	153	18.2	62.5	29.2819070	106.2751172
2021-02-07 21:14:53	428	2	16	123	153	18.2	62.7	29.2820232	106.2752412
2021-02-07 21:14:55	430	2	17	123	153	18.1	62.9	29.2821583	106.2753620
2021-02-07 21:14:57	418	1	10	123	153	18.3	63.2	29.2822923	106.2755010
2021-02-07 21:14:59	419	1	11	122	151	18.5	63.5	29.2824282	106.2756390
2021-02-07 21:15:01	421	1	12	123	153	18.6	63.6	29.2825462	106.2757942
2021-02-07 21:15:03	423	1	13	123	153	-2.9	100.9	29.2826860	106.2759478
2021-02-07 21:15:05	425	2	14	123	153	18.7	63.5	29.2828380	106.2761043
2021-02-07 21:15:07	427	2	15	123	153	19.0	63.5	29.2829938	106.2761828
2021-02-07 21:15:09	421	1	12	123	153	19.3	64.6	29.2831288	106.2761587
2021-02-07 21:15:11	427	2	15	122	151	19.5	65.9	29.2832038	106.2761108
2021-02-07 21:15:13	432	2	18	122	151	19.7	66.0	29.2832593	106.2760633
2021-02-07 21:15:15	434	2	19	121	150	19.8	65.7	29.2833147	106.2760112
2021-02-07 21:15:17	432	2	18	120	149	19.7	64.2	29.2833712	106.2759548
2021-02-07 21:15:19	427	2	15	119	148	19.7	62.9	29.2834218	106.2758977
2021-02-07 21:15:21	425	2	14	119	148	19.6	62.1	29.2834847	106.2758325
2021-02-07 21:15:23	423	1	13	118	146	19.6	61.4	29.2835487	106.2757625
2021-02-07 21:15:25	421	1	12	119	148	19.5	61.0	29.2836138	106.2756898
2021-02-07 21:15:27	418	1	10	119	148	19.5	60.6	29.2836738	106.2756217
2021-02-07 21:15:29	419	1	11	120	149	19.4	60.3	29.2837478	106.2755337
2021-02-07 21:15:31	421	1	12	120	149	19.2	60.1	29.2838317	106.2754357
2021-02-07 21:15:33	423	1	13	121	150	19.1	60.1	29.2839208	106.2753268
2021-02-07 21:15:35	425	2	14	122	151	19.0	60.3	29.2840212	106.2752143
2021-02-07 21:15:37	427	2	15	122	151	18.9	60.5	29.2841262	106.2750968
2021-02-07 21:15:39	428	2	16	122	151	18.9	60.8	29.2842348	106.2749757
2021-02-07 21:15:41	418	1	10	123	153	18.9	61.0	29.2843487	106.2748472
2021-02-07 21:15:43	419	1	11	122	151	18.8	61.4	29.2844685	106.2747103
2021-02-07 21:15:45	421	1	12	122	151	18.8	61.5	29.2845925	106.2745685
2021-02-07 21:15:47	423	1	13	121	150	18.8	61.7	29.2847052	106.2744468
2021-02-07 21:15:49	425	2	14	121	150	18.9	61.9	29.2848018	106.2743407
2021-02-07 21:15:51	427	2	15	121	150	19.0	61.8	29.2848737	106.2742633
2021-02-07 21:15:53	428	2	16	121	150	19.0	61.7	29.2849368	106.2741990
2021-02-07 21:15:55	430	2	17	121	150	19.0	61.6	29.2850082	106.2741237
2021-02-07 21:15:57	418	1	10	121	150	19.0	61.6	29.2850752	106.2740470
2021-02-07 21:15:59	419	1	11	121	150	18.9	61.6	29.2851508	106.2739578
2021-02-07 21:16:01	421	1	12	121	150	18.9	61.6	29.2852417	106.2738565
2021-02-07 21:16:03	423	1	13	122	151	18.8	61.6	29.2853437	106.2737425
2021-02-07 21:16:05	425	2	14	122	151	18.8	61.6	29.2854507	106.2736187
2021-02-07 21:16:07	427	2	15	122	151	18.8	61.8	29.2855422	106.2735150
2021-02-07 21:16:09	428	2	16	123	153	19.0	61.9	29.2856033	106.2734363
2021-02-07 21:16:11	418	1	10	123	153	19.1	62.2	29.2856577	106.2733632
2021-02-07 21:16:13	419	1	11	123	153	19.1	62.3	29.2857025	106.2733152
2021-02-07 21:16:15	421	1	12	123	153	19.4	63.0	29.2857078	106.2733090
2021-02-07 21:16:17	418	1	10	122	151	19.5	64.4	29.2857070	106.2733057
2021-02-07 21:16:19	423	1	13	121	150	19.7	65.0	29.2857067	106.2733040
2021-02-07 21:16:21	432	2	18	120	149	19.9	65.9	29.2857060	106.2733025
2021-02-07 21:16:23	434	2	19	119	148	20.0	66.1	29.2857048	106.2733022
2021-02-07 21:16:25	434	2	19	118	146	20.1	66.9	29.2857038	106.2733020
2021-02-07 21:16:27	436	2	20	117	145	20.3	68.1	29.2857038	106.2733008
2021-02-07 21:16:29	441	3	23	117	145	20.4	69.7	29.2857035	106.2732992
2021-02-07 21:16:31	448	3	27	117	145	20.6	71.7	29.2857032	106.2732975
2021-02-07 21:16:33	459	4	33	117	145	20.7	73.4	29.2857030	106.2732957
2021-02-07 21:16:35	472	5	40	118	146	20.9	72.9	29.2857030	106.2732942
2021-02-07 21:16:37	475	6	42	118	146	21.0	71.7	29.2857038	106.2732922
2021-02-07 21:16:39	477	6	43	119	148	21.1	71.4	29.2857042	106.2732900
2021-02-07 21:16:41	473	5	41	118	146	21.2	70.4	29.2857040	106.2732877
2021-02-07 21:16:43	472	5	40	118	146	21.3	70.5	29.2857042	106.2732858
2021-02-07 21:16:45	464	5	36	117	145	21.4	71.2	29.2857040	106.2732850
2021-02-07 21:16:47	461	4	34	116	144	21.5	71.6	29.2857037	106.2732848
2021-02-07 21:16:49	457	4	32	115	143	21.6	70.2	29.2857030	106.2732850
2021-02-07 21:16:51	454	4	30	115	143	21.7	67.4	29.2857028	106.2732850
2021-02-07 21:16:53	450	4	28	114	141	21.8	65.1	29.2857010	106.2732843
2021-02-07 21:16:55	448	3	27	115	143	21.9	64.1	29.2857005	106.2732847
2021-02-07 21:16:57	441	3	23	115	143	21.8	62.3	29.2857002	106.2732855
2021-02-07 21:16:59	434	2	19	115	143	21.7	59.6	29.2857038	106.2732827
2021-02-07 21:17:01	427	2	15	116	144	21.4	57.5	29.2857347	106.2732502
2021-02-07 21:17:03	425	2	14	117	145	21.4	56.7	29.2858000	106.2731793
2021-02-07 21:17:05	430	2	17	117	145	21.6	57.2	29.2858983	106.2730725
2021-02-07 21:17:07	443	3	24	117	145	21.8	59.2	29.2860132	106.2729442
2021-02-07 21:17:09	454	4	30	117	145	21.9	60.9	29.2861405	106.2728042
2021-02-07 21:17:11	457	4	32	117	145	22.0	60.2	29.2862808	106.2726523
2021-02-07 21:17:13	450	4	28	117	145	21.9	59.0	29.2864328	106.2724867
2021-02-07 21:17:15	443	3	24	117	145	21.8	57.6	29.2865857	106.2723175
2021-02-07 21:17:17	436	2	20	117	145	21.8	56.6	29.2867338	106.2721487
2021-02-07 21:17:19	434	2	19	117	145	21.7	56.0	29.2868798	106.2719842
2021-02-07 21:17:21	432	2	18	117	145	21.6	55.6	29.2870237	106.2718277
2021-02-07 21:17:23	430	2	17	116	144	21.6	55.6	29.2871712	106.2716625
2021-02-07 21:17:25	430	2	17	116	144	21.7	55.8	29.2873280	106.2714905
2021-02-07 21:17:27	430	2	17	115	143	21.9	56.2	29.2874895	106.2713105
2021-02-07 21:17:29	432	2	18	115	143	22.0	56.2	29.2876540	106.2711257
2021-02-07 21:17:31	432	2	18	114	141	22.2	56.1	29.2878198	106.2709332
2021-02-07 21:17:33	434	2	19	113	140	22.3	56.3	29.2879827	106.2707343
2021-02-07 21:17:35	434	2	19	112	139	22.4	56.2	29.2881490	106.2705330
2021-02-07 21:17:37	434	2	19	112	139	22.5	56.0	29.2883155	106.2703228
2021-02-07 21:17:39	432	2	18	111	138	22.5	55.4	29.2884835	106.2701057
2021-02-07 21:17:41	430	2	17	110	136	22.6	55.1	29.2886442	106.2698867
2021-02-07 21:17:43	430	2	17	110	136	22.7	55.1	29.2887997	106.2696673
2021-02-07 21:17:45	430	2	17	110	136	22.8	55.0	29.2889452	106.2694633
2021-02-07 21:17:47	432	2	18	109	135	22.9	55.3	29.2890482	106.2693135
2021-02-07 21:17:49	432	2	18	109	135	22.9	54.7	29.2890970	106.2692153
2021-02-07 21:17:51	428	2	16	108	134	23.0	54.6	29.2890940	106.2691307
2021-02-07 21:17:53	427	2	15	108	134	23.0	54.1	29.2890338	106.2690628
2021-02-07 21:17:55	423	1	13	107	133	22.8	53.8	29.2889550	106.2690065
2021-02-07 21:17:57	423	1	13	107	133	22.6	53.3	29.2888657	106.2689418
2021-02-07 21:17:59	421	1	12	107	133	22.5	53.2	29.2887537	106.2688535
2021-02-07 21:18:01	421	1	12	108	134	22.5	53.2	29.2886397	106.2687585
2021-02-07 21:18:03	423	1	13	108	134	22.3	53.4	29.2885170	106.2686575
2021-02-07 21:18:05	423	1	13	109	135	22.3	53.5	29.2883923	106.2685533
2021-02-07 21:18:07	423	1	13	110	136	-2.9	100.9	29.2882675	106.2684497
2021-02-07 21:18:09	423	1	13	111	138	22.1	53.9	29.2881415	106.2683505
2021-02-07 21:18:11	423	1	13	112	139	22.1	54.0	29.2880140	106.2682492
2021-02-07 21:18:13	423	1	13	112	139	22.1	54.3	29.2878930	106.2681503
2021-02-07 21:18:15	428	2	16	112	139	22.3	55.1	29.2878312	106.2680472
2021-02-07 21:18:17	432	2	18	113	140	22.2	55.9	29.2878382	106.2679325
2021-02-07 21:18:19	432	2	18	113	140	22.2	55.2	29.2878933	106.2678000
2021-02-07 21:18:21	430	2	17	114	141	22.2	54.8	29.2879555	106.2676408
2021-02-07 21:18:23	430	2	17	115	143	22.3	54.9	29.2880222	106.2674660
2021-02-07 21:18:25	434	2	19	116	144	22.4	55.5	29.2880908	106.2672795
2021-02-07 21:18:27	436	2	20	116	144	22.5	56.2	29.2881617	106.2670798
2021-02-07 21:18:29	437	3	21	117	145	22.6	56.2	29.2882332	106.2668683
2021-02-07 21:18:31	437	3	21	117	145	22.8	56.1	29.2882997	106.2666452
2021-02-07 21:18:33	436	2	20	117	145	22.9	56.0	29.2883610	106.2664223
2021-02-07 21:18:35	434	2	19	117	145	23.0	55.7	29.2884240	106.2662048
2021-02-07 21:18:37	428	2	16	116	144	22.8	54.9	29.2884843	106.2659863
2021-02-07 21:18:39	423	1	13	115	143	22.8	53.9	29.2885457	106.2657677
2021-02-07 21:18:41	423	1	13	115	143	22.9	53.5	29.2886067	106.2655465
2021-02-07 21:18:43	421	1	12	114	141	23.0	53.7	29.2886708	106.2653263
2021-02-07 21:18:45	421	1	12	114	141	22.9	53.5	29.2887365	106.2651035
2021-02-07 21:18:47	418	1	10	114	141	22.9	52.8	29.2888008	106.2648793
2021-02-07 21:18:49	427	2	15	114	141	22.8	52.6	29.2888610	106.2646597
2021-02-07 21:18:51	428	2	16	114	141	22.9	52.5	29.2889110	106.2644727
2021-02-07 21:18:53	418	1	10	113	140	23.0	52.8	29.2889543	106.2643698
2021-02-07 21:18:55	421	1	12	112	139	23.1	53.1	29.2889937	106.2643347
2021-02-07 21:18:57	419	1	11	110	136	22.8	53.1	29.2890443	106.2643418
2021-02-07 21:18:59	421	1	12	109	135	22.2	51.9	29.2891250	106.2643725
2021-02-07 21:19:01	423	1	13	108	134	21.7	51.4	29.2892328	106.2644198
2021-02-07 21:19:03	425	2	14	107	133	21.3	51.5	29.2893592	106.2644727
2021-02-07 21:19:05	427	2	15	107	133	21.0	51.9	29.2895058	106.2645095
2021-02-07 21:19:07	428	2	16	107	133	20.7	52.6	29.2896495	106.2645362
2021-02-07 21:19:09	418	1	10	107	133	20.5	53.3	29.2897835	106.2645827
2021-02-07 21:19:11	419	1	11	108	134	20.6	54.0	29.2899155	106.2646337
2021-02-07 21:19:13	421	1	12	109	135	20.5	54.6	29.2900472	106.2646705
2021-02-07 21:19:15	423	1	13	110	136	20.4	54.9	29.2901598	106.2647092
2021-02-07 21:19:17	425	2	14	110	136	20.3	55.2	29.2902733	106.2647452
2021-02-07 21:19:19	427	2	15	111	138	20.3	55.4	29.2903797	106.2648032
2021-02-07 21:19:21	428	2	16	111	138	20.3	55.6	29.2904643	106.2647825
2021-02-07 21:19:23	430	2	17	111	138	20.2	55.8	29.2905425	106.2647275
2021-02-07 21:19:25	418	1	10	111	138	20.2	55.9	29.2906418	106.2647857
2021-02-07 21:19:27	419	1	11	112	139	20.0	56.2	29.2907605	106.2648688
2021-02-07 21:19:29	421	1	12	112	139	19.9	56.4	29.2908507	106.2649265
2021-02-07 21:19:31	423	1	13	113	140	20.0	56.9	29.2909163	106.2649922
2021-02-07 21:19:33	425	2	14	113	140	20.0	57.1	29.2909605	106.2650255
2021-02-07 21:19:35	427	2	15	114	141	20.2	57.4	29.2909862	106.2650465
2021-02-07 21:19:37	428	2	16	115	143	20.4	57.9	29.2910165	106.2650655
2021-02-07 21:19:39	418	1	10	115	143	20.1	57.8	29.2910790	106.2650987
2021-02-07 21:19:41	419	1	11	116	144	20.0	57.3	29.2911738	106.2651235
2021-02-07 21:19:43	421	1	12	117	145	20.2	57.6	29.2912768	106.2650912
2021-02-07 21:19:45	423	1	13	117	145	20.5	58.5	29.2913557	106.2649883
2021-02-07 21:19:47	425	2	14	117	145	20.5	59.2	29.2914227	106.2648465
2021-02-07 21:19:49	427	2	15	118	146	20.3	58.6	29.2914995	106.2646895
2021-02-07 21:19:51	428	2	16	118	146	20.1	58.1	29.2915860	106.2645227
2021-02-07 21:19:53	430	2	17	118	146	20.0	58.0	29.2916763	106.2643458
2021-02-07 21:19:55	418	1	10	119	148	19.9	57.9	29.2917660	106.2641585
2021-02-07 21:19:57	421	1	12	119	148	19.8	58.1	29.2918520	106.2639668
2021-02-07 21:19:59	423	1	13	119	148	19.7	58.2	29.2919375	106.2637765
2021-02-07 21:20:01	425	2	14	118	146	19.8	58.5	29.2920290	106.2635968
2021-02-07 21:20:03	427	2	15	117	145	19.6	58.6	29.2921268	106.2634102
2021-02-07 21:20:05	428	2	16	116	144	19.5	58.7	29.2922255	106.2632067
2021-02-07 21:20:07	418	1	10	115	143	19.4	58.9	29.2923233	106.2630017
2021-02-07 21:20:09	419	1	11	114	141	19.3	59.2	29.2924242	106.2628042
2021-02-07 21:20:11	421	1	12	114	141	19.2	59.5	29.2925272	106.2626037
2021-02-07 21:20:13	423	1	13	113	140	19.1	59.7	29.2926288	106.2624055
2021-02-07 21:20:15	425	2	14	113	140	19.0	60.0	29.2927312	106.2622078
2021-02-07 21:20:17	427	2	15	114	141	19.0	60.4	29.2928288	106.2620070
2021-02-07 21:20:19	428	2	16	114	141	19.1	60.7	29.2929200	106.2618170
2021-02-07 21:20:21	430	2	17	114	141	19.2	60.9	29.2930087	106.2616238
2021-02-07 21:20:23	418	1	10	114	141	19.2	60.8	29.2930922	106.2614365
2021-02-07 21:20:25	419	1	11	113	140	19.3	60.8	29.2931570	106.2612913
2021-02-07 21:20:27	421	1	12	112	139	19.4	60.7	29.2931982	106.2611885
2021-02-07 21:20:29	423	1	13	111	138	19.7	60.8	29.2932172	106.2611168
2021-02-07 21:20:31	425	2	14	110	136	19.8	61.3	29.2932078	106.2610592
2021-02-07 21:20:33	427	2	15	108	134	19.7	60.7	29.2931467	106.2609987
2021-02-07 21:20:35	428	2	16	108	134	20.0	60.5	29.2930903	106.2609608
2021-02-07 21:20:37	418	1	10	107	133	20.0	61.6	29.2930480	106.2609317
2021-02-07 21:20:39	419	1	11	107	133	20.0	60.9	29.2929702	106.2608963
2021-02-07 21:20:41	421	1	12	108	134	20.0	60.7	29.2928638	106.2608573
2021-02-07 21:20:43	423	1	13	108	134	20.2	60.7	29.2927455	106.2608122
2021-02-07 21:20:45	418	1	10	109	135	20.2	60.4	29.2926100	106.2607590
2021-02-07 21:20:47	418	1	10	110	136	20.3	60.1	29.2924810	106.2607007
2021-02-07 21:20:49	419	1	11	110	136	20.4	60.7	29.2924045	106.2606125
2021-02-07 21:20:51	419	1	11	111	138	20.4	60.4	29.2923998	106.2604865
2021-02-07 21:20:53	418	1	10	111	138	20.1	59.6	29.2924353	106.2603347
2021-02-07 21:20:55	419	1	11	112	139	19.9	58.9	29.2924578	106.2601558
2021-02-07 21:20:57	421	1	12	113	140	19.7	58.7	29.2924593	106.2599618
2021-02-07 21:20:59	423	1	13	113	140	19.4	58.5	29.2924642	106.2597567
2021-02-07 21:21:01	425	2	14	114	141	19.2	58.6	29.2924518	106.2595350
2021-02-07 21:21:03	427	2	15	115	143	19.1	58.9	29.2924320	106.2593063
2021-02-07 21:21:05	428	2	16	115	143	19.0	59.2	29.2924175	106.2590715
2021-02-07 21:21:07	418	1	10	116	144	18.9	59.6	29.2924023	106.2588333
2021-02-07 21:21:09	419	1	11	116	144	18.8	60.0	29.2923832	106.2585963
2021-02-07 21:21:11	421	1	12	117	145	18.7	60.2	29.2923687	106.2583627
2021-02-07 21:21:13	423	1	13	117	145	18.7	60.5	29.2923648	106.2581318
2021-02-07 21:21:15	425	2	14	117	145	18.8	60.6	29.2923760	106.2579100
2021-02-07 21:21:17	427	2	15	117	145	18.7	60.7	29.2924158	106.2577190
2021-02-07 21:21:19	428	2	16	116	144	18.6	60.8	29.2925092	106.2575775
2021-02-07 21:21:21	430	2	17	116	144	18.7	60.9	29.2926367	106.2574770
2021-02-07 21:21:23	418	1	10	115	143	18.6	60.9	29.2927972	106.2574253
2021-02-07 21:21:25	419	1	11	114	141	18.5	60.9	29.2929787	106.2574147
2021-02-07 21:21:27	421	1	12	114	141	18.5	60.9	29.2931835	106.2574112
2021-02-07 21:21:29	423	1	13	115	143	18.5	60.9	29.2934052	106.2574042
2021-02-07 21:21:31	425	2	14	115	143	18.5	61.0	29.2936383	106.2574020
2021-02-07 21:21:33	427	2	15	116	144	18.5	61.1	29.2938717	106.2574072
2021-02-07 21:21:35	428	2	16	116	144	18.6	61.0	29.2941003	106.2574138
2021-02-07 21:21:37	418	1	10	116	144	18.7	60.9	29.2943390	106.2574227
2021-02-07 21:21:39	419	1	11	116	144	18.7	60.8	29.2945845	106.2574298
2021-02-07 21:21:41	421	1	12	116	144	18.5	60.5	29.2948337	106.2574373
2021-02-07 21:21:43	423	1	13	117	145	18.5	60.3	29.2950838	106.2574438
2021-02-07 21:21:45	425	2	14	117	145	18.4	60.2	29.2953347	106.2574522
2021-02-07 21:21:47	427	2	15	117	145	18.4	60.2	29.2955875	106.2574603
2021-02-07 21:21:49	428	2	16	117	145	18.3	60.1	29.2958447	106.2574690
2021-02-07 21:21:51	430	2	17	117	145	18.4	60.2	29.2961052	106.2574787
2021-02-07 21:21:53	418	1	10	117	145	18.3	60.4	29.2963673	106.2574897
2021-02-07 21:21:55	419	1	11	117	145	18.3	60.3	29.2966317	106.2575013
2021-02-07 21:21:57	421	1	12	117	145	18.3	60.4	29.2968950	106.2575137
2021-02-07 21:21:59	423	1	13	117	145	18.2	60.4	29.2971592	106.2575268
2021-02-07 21:22:01	425	2	14	117	145	18.2	60.3	29.2974228	106.2575360
2021-02-07 21:22:03	427	2	15	116	144	18.2	60.3	29.2976882	106.2575468
2021-02-07 21:22:05	428	2	16	116	144	18.2	60.3	29.2979562	106.2575573
2021-02-07 21:22:07	418	1	10	115	143	18.2	60.4	29.2982270	106.2575677
2021-02-07 21:22:09	419	1	11	114	141	18.2	60.4	29.2984945	106.2575795
2021-02-07 21:22:11	421	1	12	113	140	18.3	60.4	29.2987535	106.2575898
2021-02-07 21:22:13	423	1	13	112	139	18.4	60.5	29.2990077	106.2576007
2021-02-07 21:22:15	425	2	14	110	136	18.4	60.4	29.2992595	106.2576107
2021-02-07 21:22:17	427	2	15	109	135	18.5	60.3	29.2995093	106.2576212
2021-02-07 21:22:19	428	2	16	108	134	18.6	60.3	29.2997568	106.2576297
2021-02-07 21:22:21	430	2	17	107	133	18.7	60.3	29.3000008	106.2576398
2021-02-07 21:22:23	418	1	10	107	133	18.8	60.1	29.3002433	106.2576497
2021-02-07 21:22:25	419	1	11	107	133	19.0	60.0	29.3004833	106.2576595
2021-02-07 21:22:27	421	1	12	107	133	19.0	60.2	29.3007238	106.2576688
2021-02-07 21:22:29	423	1	13	108	134	19.0	59.6	29.3009673	106.2576795
2021-02-07 21:22:31	425	2	14	109	135	19.0	59.2	29.3012130	106.2576893
2021-02-07 21:22:33	427	2	15	109	135	19.0	58.8	29.3014598	106.2576990
2021-02-07 21:22:35	428	2	16	110	136	19.0	58.6	29.3017087	106.2577110
2021-02-07 21:22:37	418	1	10	111	138	19.0	58.4	29.3019580	106.2577228
2021-02-07 21:22:39	419	1	11	111	138	19.1	58.3	29.3022090	106.2577343
2021-02-07 21:22:41	421	1	12	112	139	19.0	58.2	29.3024615	106.2577388
2021-02-07 21:22:43	423	1	13	113	140	18.9	58.0	29.3027127	106.2577395
2021-02-07 21:22:45	425	2	14	113	140	18.9	57.9	29.3029632	106.2577328
2021-02-07 21:22:47	427	2	15	114	141	19.0	58.0	29.3032140	106.2577217
2021-02-07 21:22:49	428	2	16	115	143	18.8	58.2	29.3034618	106.2577062
2021-02-07 21:22:51	430	2	17	115	143	18.8	58.2	29.3037073	106.2576820
2021-02-07 21:22:53	418	1	10	116	144	18.6	58.4	29.3039505	106.2576525
2021-02-07 21:22:55	419	1	11	117	145	18.5	58.5	29.3041923	106.2576203
2021-02-07 21:22:57	421	1	12	117	145	18.5	58.8	29.3044345	106.2575817
2021-02-07 21:22:59	423	1	13	117	145	18.6	59.2	29.3046753	106.2575407
2021-02-07 21:23:01	425	2	14	117	145	18.7	59.5	29.3049150	106.2574988
2021-02-07 21:23:03	427	2	15	117	145	18.3	59.5	29.3051530	106.2574630
2021-02-07 21:23:05	428	2	16	117	145	18.1	59.5	29.3053932	106.2574195
2021-02-07 21:23:07	418	1	10	116	144	18.0	59.6	29.3056437	106.2573693
2021-02-07 21:23:09	419	1	11	116	144	17.9	59.7	29.3058875	106.2573173
2021-02-07 21:23:11	421	1	12	116	144	17.7	59.8	29.3061225	106.2572657
2021-02-07 21:23:13	423	1	13	116	144	17.5	59.9	29.3063545	106.2572163
2021-02-07 21:23:15	425	2	14	116	144	17.6	60.2	29.3065877	106.2571697
2021-02-07 21:23:17	427	2	15	117	145	17.6	60.6	29.3068208	106.2571208
2021-02-07 21:23:19	428	2	16	117	145	17.7	60.8	29.3070520	106.2570665
2021-02-07 21:23:21	418	1	10	118	146	17.8	61.0	29.3072805	106.2570080
2021-02-07 21:23:23	419	1	11	118	146	17.9	61.1	29.3075058	106.2569455
2021-02-07 21:23:25	421	1	12	118	146	18.0	61.2	29.3077260	106.2568842
2021-02-07 21:23:27	423	1	13	118	146	18.0	61.2	29.3079365	106.2568273
2021-02-07 21:23:29	425	2	14	118	146	17.9	61.0	29.3081272	106.2567802
2021-02-07 21:23:31	427	2	15	117	145	17.9	61.0	29.3083048	106.2567383
2021-02-07 21:23:33	428	2	16	117	145	17.9	61.0	29.3084687	106.2566977
2021-02-07 21:23:35	430	2	17	117	145	17.9	61.1	29.3086177	106.2566548
2021-02-07 21:23:37	418	1	10	117	145	17.9	61.2	29.3087317	106.2566310
2021-02-07 21:23:39	419	1	11	117	145	17.9	61.3	29.3088300	106.2566633
2021-02-07 21:23:41	421	1	12	117	145	17.7	61.3	29.3089143	106.2567535
2021-02-07 21:23:43	423	1	13	117	145	17.6	61.5	29.3089845	106.2569017
2021-02-07 21:23:45	425	2	14	118	146	17.8	61.7	29.3090562	106.2570795
2021-02-07 21:23:47	427	2	15	118	146	17.9	62.0	29.3091395	106.2572717
2021-02-07 21:23:49	428	2	16	118	146	18.2	62.4	29.3092192	106.2574818
2021-02-07 21:23:51	419	1	11	118	146	18.4	62.6	29.3092903	106.2577140
2021-02-07 21:23:53	423	1	13	118	146	18.5	62.6	29.3093612	106.2579577
2021-02-07 21:23:55	423	1	13	118	146	18.4	62.2	29.3094342	106.2582080
2021-02-07 21:23:57	418	1	10	118	146	18.3	61.9	29.3095070	106.2584645
2021-02-07 21:23:59	425	2	14	118	146	18.2	61.3	29.3095792	106.2587227
2021-02-07 21:24:01	427	2	15	119	148	18.0	61.1	29.3096528	106.2589820
2021-02-07 21:24:03	428	2	16	119	148	18.0	60.9	29.3097203	106.2592142
2021-02-07 21:24:05	430	2	17	120	149	18.4	61.8	29.3097818	106.2593705
2021-02-07 21:24:07	418	1	10	121	150	18.7	63.1	29.3098780	106.2594780
2021-02-07 21:24:09	423	1	13	121	150	18.9	63.8	29.3099970	106.2595180
2021-02-07 21:24:11	427	2	15	121	150	19.1	63.9	29.3101112	106.2595060
2021-02-07 21:24:13	436	2	20	121	150	19.3	63.9	29.3102218	106.2594607
2021-02-07 21:24:15	437	3	21	121	150	19.5	64.4	29.3103447	106.2593982
2021-02-07 21:24:17	437	3	21	121	150	19.5	63.5	29.3104783	106.2593312
2021-02-07 21:24:19	436	2	20	120	149	19.5	62.2	29.3106205	106.2592638
2021-02-07 21:24:21	432	2	18	119	148	19.5	61.0	29.3107698	106.2591917
2021-02-07 21:24:23	432	2	18	119	148	19.6	60.3	29.3109287	106.2591150
2021-02-07 21:24:25	434	2	19	118	146	19.7	60.2	29.3110970	106.2590348
2021-02-07 21:24:27	436	2	20	118	146	19.7	59.9	29.3112720	106.2589505
2021-02-07 21:24:29	437	3	21	118	146	19.8	59.9	29.3114498	106.2588640
2021-02-07 21:24:31	437	3	21	118	146	19.8	59.5	29.3116298	106.2587757
2021-02-07 21:24:33	436	2	20	119	148	19.7	59.0	29.3118152	106.2586883
2021-02-07 21:24:35	434	2	19	120	149	19.7	58.6	29.3120033	106.2585973
2021-02-07 21:24:37	430	2	17	120	149	19.4	58.3	29.3121943	106.2585040
2021-02-07 21:24:39	427	2	15	121	150	19.0	58.2	29.3123875	106.2584102
2021-02-07 21:24:41	423	1	13	121	150	18.9	58.5	29.3125790	106.2583202
2021-02-07 21:24:43	419	1	11	121	150	18.8	58.7	29.3127662	106.2582303
2021-02-07 21:24:45	418	1	10	121	150	18.9	59.1	29.3129488	106.2581418
2021-02-07 21:24:47	427	2	15	120	149	18.8	59.3	29.3131255	106.2580550
2021-02-07 21:24:49	428	2	16	119	148	18.7	59.3	29.3132987	106.2579690
2021-02-07 21:24:51	418	1	10	118	146	18.9	59.5	29.3134663	106.2578893
2021-02-07 21:24:53	418	1	10	116	144	19.1	60.1	29.3136210	106.2578150
2021-02-07 21:24:55	421	1	12	115	143	19.4	60.8	29.3137687	106.2577445
2021-02-07 21:24:57	423	1	13	114	141	19.4	60.6	29.3139135	106.2576747
2021-02-07 21:24:59	423	1	13	114	141	19.6	60.1	29.3140475	106.2576098
2021-02-07 21:25:01	423	1	13	113	140	19.7	59.6	29.3141722	106.2575545
2021-02-07 21:25:03	427	2	15	113	140	19.9	60.3	29.3142848	106.2575055
2021-02-07 21:25:05	432	2	18	114	141	20.1	61.5	29.3143770	106.2574762
2021-02-07 21:25:07	436	2	20	114	141	20.3	61.9	29.3144617	106.2574392
2021-02-07 21:25:09	437	3	21	115	143	20.4	61.2	29.3145297	106.2574057
2021-02-07 21:25:11	436	2	20	115	143	20.5	60.1	29.3145667	106.2573782
2021-02-07 21:25:13	437	3	21	116	144	20.7	60.5	29.3145855	106.2573483
2021-02-07 21:25:15	439	3	22	117	145	20.8	60.3	29.3145813	106.2573090
2021-02-07 21:25:17	441	3	23	118	146	21.0	59.7	29.3145700	106.2572842
2021-02-07 21:25:19	445	3	25	118	146	21.1	59.7	29.3145728	106.2572833
2021-02-07 21:25:21	448	3	27	119	148	21.2	60.0	29.3145780	106.2572873
2021-02-07 21:25:23	454	4	30	119	148	21.3	60.6	29.3145870	106.2572975
2021-02-07 21:25:25	459	4	33	120	149	21.3	60.4	29.3145922	106.2573003
2021-02-07 21:25:27	461	4	34	120	149	21.4	59.5	29.3145878	106.2572963
2021-02-07 21:25:29	457	4	32	121	150	21.2	58.5	29.3145483	106.2572983
2021-02-07 21:25:31	452	4	29	122	151	21.3	57.4	29.3144898	106.2573258
2021-02-07 21:25:33	443	3	24	123	153	20.7	56.6	29.3144165	106.2573652
2021-02-07 21:25:35	436	2	20	124	154	20.3	55.7	29.3143352	106.2574112
2021-02-07 21:25:37	427	2	15	124	154	19.9	55.4	29.3142418	106.2574608
2021-02-07 21:25:39	418	1	10	125	155	19.4	55.5	29.3141360	106.2575098
2021-02-07 21:25:41	421	1	12	125	155	19.1	55.8	29.3140268	106.2575637
2021-02-07 21:25:43	423	1	13	126	156	19.0	56.4	29.3139140	106.2576193
2021-02-07 21:25:45	425	2	14	126	156	18.7	56.8	29.3137945	106.2576743
2021-02-07 21:25:47	427	2	15	127	158	18.6	57.4	29.3136673	106.2577325
2021-02-07 21:25:49	428	2	16	128	159	18.4	58.0	29.3135353	106.2577940
2021-02-07 21:25:51	418	1	10	128	159	18.3	58.6	29.3133965	106.2578613
2021-02-07 21:25:53	419	1	11	129	160	18.3	59.1	29.3132552	106.2579295
2021-02-07 21:25:55	421	1	12	130	161	18.4	59.6	29.3131238	106.2579938
2021-02-07 21:25:57	423	1	13	130	161	18.6	59.9	29.3130012	106.2580522
2021-02-07 21:25:59	425	2	14	131	163	18.8	60.3	29.3128748	106.2581062
2021-02-07 21:26:01	427	2	15	130	161	18.8	60.2	29.3127425	106.2581692
2021-02-07 21:26:03	428	2	16	129	160	18.8	60.0	29.3126122	106.2582350
2021-02-07 21:26:05	430	2	17	128	159	18.9	59.8	29.3124797	106.2582987
2021-02-07 21:26:07	418	1	10	127	158	18.9	59.8	29.3123385	106.2583608
2021-02-07 21:26:09	419	1	11	126	156	19.0	59.7	29.3121915	106.2584262
2021-02-07 21:26:11	421	1	12	126	156	19.0	59.7	29.3120378	106.2584925
2021-02-07 21:26:13	423	1	13	126	156	19.0	59.8	29.3118798	106.2585685
2021-02-07 21:26:15	425	2	14	126	156	18.9	59.8	29.3117173	106.2586515
2021-02-07 21:26:17	427	2	15	126	156	18.9	59.7	29.3115512	106.2587352
2021-02-07 21:26:19	428	2	16	127	158	18.9	59.7	29.3113850	106.2588183
2021-02-07 21:26:21	418	1	10	128	159	18.9	59.6	29.3112188	106.2588953
2021-02-07 21:26:23	419	1	11	128	159	18.9	59.7	29.3110553	106.2589705
2021-02-07 21:26:25	421	1	12	129	160	18.9	59.8	29.3108920	106.2590480
2021-02-07 21:26:27	423	1	13	130	161	18.7	59.7	29.3107277	106.2591233
2021-02-07 21:26:29	425	2	14	131	163	18.4	59.5	29.3105628	106.2591982
2021-02-07 21:26:31	427	2	15	131	163	18.4	59.6	29.3104008	106.2592797
2021-02-07 21:26:33	428	2	16	132	164	18.3	59.7	29.3102435	106.2593587
2021-02-07 21:26:35	430	2	17	133	165	18.4	59.9	29.3101227	106.2594172
2021-02-07 21:26:37	418	1	10	133	165	18.7	60.4	29.3100640	106.2594470
2021-02-07 21:26:39	421	1	12	134	166	19.1	62.5	29.3100393	106.2594622
2021-02-07 21:26:41	423	1	13	135	168	19.4	63.9	29.3100293	106.2594660
2021-02-07 21:26:43	425	2	14	135	168	19.6	64.2	29.3100202	106.2594735
2021-02-07 21:26:45	418	1	10	136	169	19.8	65.5	29.3100068	106.2594837
2021-02-07 21:26:47	434	2	19	136	169	-2.9	100.9	29.3099985	106.2594888
2021-02-07 21:26:49	439	3	22	136	169	20.0	65.6	29.3099890	106.2594995
2021-02-07 21:26:51	436	2	20	135	168	20.0	64.8	29.3099672	106.2595375
2021-02-07 21:26:53	430	2	17	134	166	20.0	62.3	29.3099372	106.2596245
2021-02-07 21:26:55	427	2	15	133	165	20.2	61.2	29.3099250	106.2597373
2021-02-07 21:26:57	430	2	17	132	164	20.4	61.0	29.3099313	106.2598698
2021-02-07 21:26:59	432	2	18	131	163	20.6	61.0	29.3099633	106.2600213
2021-02-07 21:27:01	423	1	13	130	161	20.0	59.6	29.3100080	106.2601877
2021-02-07 21:27:03	430	2	17	129	160	19.6	58.2	29.3100608	106.2603785
2021-02-07 21:27:05	418	1	10	129	160	19.3	57.5	29.3101163	106.2605798
2021-02-07 21:27:07	419	1	11	127	158	19.1	57.3	29.3101732	106.2607835
2021-02-07 21:27:09	421	1	12	127	158	19.0	57.3	29.3102375	106.2610112
2021-02-07 21:27:11	423	1	13	127	158	18.9	57.5	29.3102922	106.2612237
2021-02-07 21:27:13	425	2	14	127	158	19.1	57.9	29.3103435	106.2614415
2021-02-07 21:27:15	427	2	15	127	158	18.9	58.2	29.3104007	106.2616600
2021-02-07 21:27:17	428	2	16	127	158	18.8	58.0	29.3104610	106.2618830
2021-02-07 21:27:19	418	1	10	127	158	18.7	57.9	29.3105218	106.2621033
2021-02-07 21:27:21	419	1	11	126	156	18.8	58.0	29.3105832	106.2623222
2021-02-07 21:27:23	421	1	12	126	156	18.9	58.5	29.3106437	106.2625295
2021-02-07 21:27:25	423	1	13	127	158	19.0	58.7	29.3107017	106.2627053
2021-02-07 21:27:27	425	2	14	127	158	19.1	58.5	29.3107452	106.2628262
2021-02-07 21:27:29	427	2	15	128	159	19.2	58.7	29.3107755	106.2629408
2021-02-07 21:27:31	428	2	16	128	159	19.3	58.5	29.3108087	106.2630423
2021-02-07 21:27:33	430	2	17	129	160	19.6	58.9	29.3108340	106.2631037
2021-02-07 21:27:35	418	1	10	129	160	19.8	60.0	29.3108383	106.2631190
2021-02-07 21:27:37	419	1	11	129	160	19.9	61.2	29.3108425	106.2631268
2021-02-07 21:27:39	421	1	12	129	160	20.1	60.6	29.3108450	106.2631342
2021-02-07 21:27:41	423	1	13	128	159	20.3	60.6	29.3108510	106.2631467
2021-02-07 21:27:43	425	2	14	128	159	20.1	59.3	29.3108662	106.2631765
2021-02-07 21:27:45	427	2	15	127	158	20.1	57.6	29.3108905	106.2632232
2021-02-07 21:27:47	428	2	16	126	156	19.8	56.8	29.3109237	106.2632908
2021-02-07 21:27:49	418	1	10	126	156	19.7	56.3	29.3109698	106.2633780
2021-02-07 21:27:51	419	1	11	125	155	19.6	56.1	29.3110255	106.2634797
2021-02-07 21:27:53	421	1	12	126	156	19.7	56.1	29.3110878	106.2635943
2021-02-07 21:27:55	423	1	13	126	156	19.7	56.4	29.3111692	106.2637218
2021-02-07 21:27:57	425	2	14	127	158	19.6	56.4	29.3112690	106.2638533
2021-02-07 21:27:59	427	2	15	128	159	19.5	56.4	29.3113787	106.2639890
2021-02-07 21:28:01	428	2	16	129	160	19.4	56.5	29.3114990	106.2641342
2021-02-07 21:28:03	430	2	17	129	160	19.3	56.6	29.3116237	106.2642825
2021-02-07 21:28:05	418	1	10	129	160	19.3	56.6	29.3117500	106.2644338
2021-02-07 21:28:07	419	1	11	129	160	19.1	56.7	29.3118787	106.2645843
2021-02-07 21:28:09	421	1	12	129	160	19.1	56.9	29.3120067	106.2647315
2021-02-07 21:28:11	423	1	13	128	159	18.9	56.9	29.3121313	106.2648763
2021-02-07 21:28:13	425	2	14	127	158	18.8	57.0	29.3122535	106.2650200
2021-02-07 21:28:15	427	2	15	126	156	18.3	57.0	29.3123737	106.2651608
2021-02-07 21:28:17	428	2	16	125	155	18.1	57.3	29.3124888	106.2652990
2021-02-07 21:28:19	418	1	10	125	155	17.9	57.9	29.3126067	106.2654368
2021-02-07 21:28:21	419	1	11	125	155	17.8	58.4	29.3127252	106.2655750
2021-02-07 21:28:23	421	1	12	126	156	17.8	58.9	29.3128260	106.2656873
2021-02-07 21:28:25	423	1	13	126	156	17.8	59.4	29.3129098	106.2657747
2021-02-07 21:28:27	425	2	14	127	158	17.8	59.7	29.3129952	106.2658582
2021-02-07 21:28:29	427	2	15	128	159	17.8	59.9	29.3130843	106.2659502
2021-02-07 21:28:31	428	2	16	128	159	17.7	60.1	29.3131657	106.2660423
2021-02-07 21:28:33	430	2	17	129	160	17.8	60.3	29.3132340	106.2661113
2021-02-07 21:28:35	418	1	10	129	160	18.1	60.6	29.3133003	106.2661495
2021-02-07 21:28:37	419	1	11	129	160	18.3	61.5	29.3133492	106.2661637
2021-02-07 21:28:39	421	1	12	129	160	18.3	61.6	29.3134010	106.2661735
2021-02-07 21:28:41	423	1	13	128	159	18.2	61.0	29.3134778	106.2661690
2021-02-07 21:28:43	425	2	14	126	156	18.0	60.5	29.3135632	106.2661323
2021-02-07 21:28:45	427	2	15	125	155	18.1	60.3	29.3136298	106.2660602
2021-02-07 21:28:47	421	1	12	123	153	18.1	60.5	29.3136890	106.2659528
2021-02-07 21:28:49	421	1	12	121	150	18.0	60.6	29.3137605	106.2658140
2021-02-07 21:28:51	418	1	10	120	149	17.8	60.4	29.3138417	106.2656557
2021-02-07 21:28:53	421	1	12	120	149	17.8	60.5	29.3139312	106.2654868
2021-02-07 21:28:55	423	1	13	120	149	17.7	60.6	29.3140288	106.2653088
2021-02-07 21:28:57	425	2	14	120	149	17.6	60.8	29.3141385	106.2651243
2021-02-07 21:28:59	427	2	15	121	150	17.6	60.9	29.3142592	106.2649348
2021-02-07 21:29:01	428	2	16	122	151	17.6	61.1	29.3143855	106.2647487
2021-02-07 21:29:03	430	2	17	122	151	17.6	61.2	29.3145150	106.2645728
2021-02-07 21:29:05	418	1	10	123	153	17.5	61.2	29.3146510	106.2644007
2021-02-07 21:29:07	419	1	11	124	154	17.5	61.3	29.3147938	106.2642333
2021-02-07 21:29:09	421	1	12	124	154	17.6	61.5	29.3149445	106.2640717
2021-02-07 21:29:11	423	1	13	125	155	17.7	61.7	29.3150907	106.2639267
2021-02-07 21:29:13	425	2	14	125	155	17.7	61.8	29.3152330	106.2637948
2021-02-07 21:29:15	427	2	15	125	155	17.5	61.8	29.3153722	106.2636807
2021-02-07 21:29:17	428	2	16	125	155	17.4	61.8	29.3154930	106.2635872
2021-02-07 21:29:19	418	1	10	125	155	17.3	61.9	29.3156075	106.2634975
2021-02-07 21:29:21	419	1	11	124	154	17.1	62.1	29.3157358	106.2634030
2021-02-07 21:29:23	421	1	12	124	154	17.0	62.5	29.3158793	106.2633068
2021-02-07 21:29:25	419	1	11	124	154	16.8	62.8	29.3160345	106.2632150
2021-02-07 21:29:27	418	1	10	124	154	16.7	63.1	29.3161988	106.2631233
2021-02-07 21:29:29	427	2	15	125	155	16.7	63.5	29.3163730	106.2630367
2021-02-07 21:29:31	428	2	16	125	155	16.8	63.9	29.3165537	106.2629478
2021-02-07 21:29:33	430	2	17	126	156	17.0	64.1	29.3167378	106.2628623
2021-02-07 21:29:35	418	1	10	126	156	17.1	64.2	29.3169268	106.2627890
2021-02-07 21:29:37	421	1	12	126	156	17.0	64.3	29.3171147	106.2627192
2021-02-07 21:29:39	421	1	12	125	155	17.2	64.3	29.3172970	106.2626598
2021-02-07 21:29:41	425	2	14	124	154	17.3	64.3	29.3174728	106.2626127
2021-02-07 21:29:43	425	2	14	124	154	17.5	64.1	29.3176370	106.2625685
2021-02-07 21:29:45	428	2	16	122	151	17.6	64.0	29.3177807	106.2625315
2021-02-07 21:29:47	430	2	17	122	151	17.8	63.7	29.3179042	106.2624988
2021-02-07 21:29:49	434	2	19	122	151	18.0	63.3	29.3180085	106.2624698
2021-02-07 21:29:51	436	2	20	122	151	18.1	63.1	29.3180843	106.2624490
2021-02-07 21:29:53	436	2	20	122	151	18.1	62.6	29.3181200	106.2624388
2021-02-07 21:29:55	436	2	20	123	153	18.2	62.2	29.3181218	106.2624377
2021-02-07 21:29:57	436	2	20	123	153	18.4	62.4	29.3181212	106.2624353
2021-02-07 21:29:59	437	3	21	124	154	18.4	62.4	29.3181202	106.2624322
2021-02-07 21:30:01	434	2	19	124	154	18.6	61.8	29.3181195	106.2624303
2021-02-07 21:30:03	436	2	20	125	155	18.8	61.6	29.3181185	106.2624297
2021-02-07 21:30:05	437	3	21	126	156	19.0	62.2	29.3181167	106.2624285
2021-02-07 21:30:07	439	3	22	127	158	19.1	62.0	29.3181148	106.2624283
2021-02-07 21:30:09	439	3	22	127	158	19.2	62.0	29.3181148	106.2624272
2021-02-07 21:30:11	437	3	21	128	159	19.1	60.9	29.3181152	106.2624260
2021-02-07 21:30:13	434	2	19	128	159	19.0	60.1	29.3181157	106.2624255
2021-02-07 21:30:15	430	2	17	128	159	18.9	59.4	29.3181163	106.2624253
2021-02-07 21:30:17	428	2	16	128	159	18.7	59.1	29.3181168	106.2624248
2021-02-07 21:30:19	427	2	15	129	160	18.7	58.9	29.3181168	106.2624247
2021-02-07 21:30:21	425	2	14	129	160	18.8	59.0	29.3181170	106.2624247
2021-02-07 21:30:23	423	1	13	130	161	18.8	59.0	29.3181172	106.2624250
2021-02-07 21:30:25	423	1	13	131	163	18.8	58.9	29.3181172	106.2624258
2021-02-07 21:30:27	421	1	12	131	163	18.6	58.7	29.3181172	106.2624267
2021-02-07 21:30:29	421	1	12	132	164	18.5	58.8	29.3181165	106.2624272
2021-02-07 21:30:31	421	1	12	132	164	18.5	59.0	29.3181153	106.2624287
2021-02-07 21:30:33	423	1	13	133	165	18.6	59.3	29.3181162	106.2624293
2021-02-07 21:30:35	425	2	14	133	165	18.4	59.5	29.3181290	106.2624257
2021-02-07 21:30:37	425	2	14	134	166	18.4	59.6	29.3181753	106.2624125
2021-02-07 21:30:39	425	2	14	134	166	18.4	59.9	29.3182530	106.2623900
2021-02-07 21:30:41	427	2	15	134	166	18.4	60.1	29.3183593	106.2623590
2021-02-07 21:30:43	428	2	16	134	166	18.6	60.3	29.3184948	106.2623172
2021-02-07 21:30:45	432	2	18	134	166	18.8	60.7	29.3186445	106.2622782
2021-02-07 21:30:47	437	3	21	134	166	19.0	61.0	29.3187960	106.2622390
2021-02-07 21:30:49	443	3	24	133	165	19.2	61.3	29.3189540	106.2621972
2021-02-07 21:30:51	445	3	25	133	165	19.4	61.6	29.3191170	106.2621547
2021-02-07 21:30:53	450	4	28	133	165	19.6	61.3	29.3192862	106.2621085
2021-02-07 21:30:55	452	4	29	134	166	19.7	60.9	29.3194640	106.2620595
2021-02-07 21:30:57	452	4	29	135	168	19.4	60.3	29.3196462	106.2620082
2021-02-07 21:30:59	446	3	26	135	168	19.1	59.6	29.3198343	106.2619663
2021-02-07 21:31:01	443	3	24	135	168	18.7	59.4	29.3200258	106.2619368
2021-02-07 21:31:03	439	3	22	135	168	18.4	59.6	29.3202207	106.2619172
2021-02-07 21:31:05	439	3	22	134	166	18.4	60.1	29.3204153	106.2619093
2021-02-07 21:31:07	441	3	23	133	165	18.3	60.5	29.3206057	106.2619142
2021-02-07 21:31:09	443	3	24	131	163	18.4	60.9	29.3207883	106.2619335
2021-02-07 21:31:11	445	3	25	129	160	18.5	61.3	29.3209520	106.2619632
2021-02-07 21:31:13	446	3	26	128	159	18.7	61.6	29.3210893	106.2619642
2021-02-07 21:31:15	450	4	28	126	156	19.0	61.9	29.3212012	106.2619022
2021-02-07 21:31:17	452	4	29	126	156	19.2	62.2	29.3212720	106.2617858
2021-02-07 21:31:19	455	4	31	125	155	19.2	62.1	29.3213315	106.2616388
2021-02-07 21:31:21	455	4	31	125	155	18.9	61.5	29.3213958	106.2614740
2021-02-07 21:31:23	454	4	30	126	156	18.8	61.1	29.3214613	106.2612927
2021-02-07 21:31:25	452	4	29	126	156	18.8	61.1	29.3215278	106.2610955
2021-02-07 21:31:27	452	4	29	126	156	18.9	61.0	29.3216010	106.2608885
2021-02-07 21:31:29	455	4	31	126	156	19.0	61.2	29.3216855	106.2606803
2021-02-07 21:31:31	459	4	33	126	156	19.2	61.5	29.3217752	106.2604683
2021-02-07 21:31:33	463	5	35	126	156	19.3	61.4	29.3218593	106.2602510
2021-02-07 21:31:35	463	5	35	126	156	19.3	61.1	29.3219442	106.2600355
2021-02-07 21:31:37	461	4	34	126	156	19.4	60.7	29.3220270	106.2598183
2021-02-07 21:31:39	459	4	33	126	156	19.2	60.2	29.3221063	106.2596052
2021-02-07 21:31:41	459	4	33	126	156	19.2	59.9	29.3221835	106.2594030
2021-02-07 21:31:43	457	4	32	126	156	19.2	59.9	29.3222603	106.2592172
2021-02-07 21:31:45	457	4	32	126	156	19.2	59.7	29.3223325	106.2590412
2021-02-07 21:31:47	459	4	33	126	156	19.5	59.8	29.3223972	106.2588708
2021-02-07 21:31:49	459	4	33	126	156	19.5	60.0	29.3224525	106.2587148
2021-02-07 21:31:51	459	4	33	125	155	19.3	59.7	29.3225068	106.2585985
2021-02-07 21:31:53	457	4	32	125	155	18.9	59.2	29.3225882	106.2585407
2021-02-07 21:31:55	452	4	29	125	155	18.5	59.1	29.3226993	106.2585250
2021-02-07 21:31:57	446	3	26	125	155	18.4	59.2	29.3228267	106.2585430
2021-02-07 21:31:59	443	3	24	126	156	18.1	59.4	29.3229687	106.2585682
2021-02-07 21:32:01	437	3	21	127	158	17.8	59.6	29.3231228	106.2585913
2021-02-07 21:32:03	430	2	17	127	158	17.5	60.1	29.3232857	106.2586142
2021-02-07 21:32:05	428	2	16	128	159	17.5	60.7	29.3234495	106.2586335
2021-02-07 21:32:07	427	2	15	129	160	17.4	61.2	29.3236098	106.2586475
2021-02-07 21:32:09	423	1	13	129	160	17.4	61.7	29.3237710	106.2586560
2021-02-07 21:32:11	423	1	13	130	161	17.4	62.1	29.3239135	106.2586607
2021-02-07 21:32:13	427	2	15	131	163	17.7	62.6	29.3239922	106.2586462
2021-02-07 21:32:15	428	2	16	132	164	18.0	63.5	29.3240152	106.2585953
2021-02-07 21:32:17	436	2	20	132	164	18.4	64.0	29.3239857	106.2585470
2021-02-07 21:32:19	443	3	24	133	165	18.5	64.4	29.3239170	106.2585342
2021-02-07 21:32:21	448	3	27	133	165	18.6	65.2	29.3238200	106.2585318
2021-02-07 21:32:23	455	4	31	133	165	18.9	64.5	29.3236948	106.2585285
2021-02-07 21:32:25	479	6	44	132	164	19.1	65.0	29.3235538	106.2585202
