2020-00-00 03:26:43 416 1 7 5 6 19.5 35.3 32.064721429584544 118.79656265170313
2020-00-00 03:26:45 416 1 7 8 9 19.5 35.4 32.06468253636499 118.79649289569353
2020-00-00 03:26:47 416 1 7 10 12 19.5 35.5 32.06464091262898 118.7964978485484
2020-00-00 03:26:49 416 1 7 10 12 19.4 35.5 32.06461775517 118.79651941606642
2020-00-00 03:27:17 416 1 7 8 9 20.3 33.9 32.06435200353398 118.79642460371254
2020-00-00 03:27:19 416 1 7 8 9 20.3 33.9 32.064363506862435 118.79640468912187
2020-00-00 03:27:21 416 1 7 8 9 20.5 33.4 32.0643600515156 118.79638974499305
2020-00-00 03:27:23 416 1 7 8 9 20.5 33.4 32.064346514852325 118.79636483290291
2020-00-00 03:27:25 416 1 7 8 9 20.7 33.1 32.0643478400052 118.79632332931149
2020-00-00 03:27:27 416 1 7 8 9 20.7 32.8 32.06435103615133 118.79630672978759
2020-00-00 03:27:29 416 1 7 8 9 20.6 32.8 32.06435580241786 118.7962785102645
2020-00-00 03:27:31 416 1 7 8 9 20.5 32.6 32.064352304084075 118.7962585860151
2020-00-00 03:27:33 416 1 7 8 9 20.4 32.5 32.06434197323823 118.7962187354719
2020-00-00 03:27:40 416 1 7 8 9 20.7 32.4 32.064344904031614 118.79617059365931
2020-00-00 03:27:42 416 1 7 8 9 20.7 32.2 32.06434465328362 118.79614071134853
2020-00-00 03:27:44 416 1 7 8 9 20.7 32.1 32.06433779144747 118.79611746512177
2020-00-00 03:27:46 416 1 7 8 9 20.8 32.0 32.06433766547836 118.7961025240982
2020-00-00 03:27:48 416 1 7 8 9 21.0 31.8 32.06432909416618 118.7960742965937
2020-00-00 03:27:50 416 1 7 9 11 21.3 31.6 32.06430196417694 118.79601949528335
2020-00-00 03:27:52 416 1 7 9 11 21.2 31.3 32.064290086016776 118.79599458608888
2020-00-00 03:27:54 416 1 7 9 11 21.4 31.1 32.06431673694808 118.79599294424968
2020-00-00 03:27:56 416 1 7 8 9 21.7 30.8 32.06430660995004 118.79597799674907
2020-00-00 03:27:58 416 1 7 8 9 22.1 30.5 32.064296397461405 118.7959530888961
2020-00-00 03:28:00 416 1 7 8 9 22.4 30.1 32.0642893462914 118.79590826280989
2020-00-00 03:28:02 416 1 7 8 9 22.6 29.7 32.06427078512544 118.79588168953258
2020-00-00 03:28:04 416 1 7 8 9 22.6 29.3 32.0642738887448 118.79585513123006
2020-00-00 03:28:06 416 1 7 8 9 22.2 29.0 32.06426535456962 118.79583188511678
2020-00-00 03:28:08 416 1 7 8 9 22.1 29.0 32.064260167494744 118.79581030140754
2020-00-00 03:28:10 416 1 7 8 9 22.5 29.0 32.06426168966162 118.79579370239432
2020-00-00 03:28:12 416 1 7 8 9 22.4 28.9 32.06425471936475 118.79575883766606
2020-00-00 03:28:14 416 1 7 8 9 22.7 28.8 32.06426293611849 118.79574556338171
2020-00-00 03:28:22 416 1 7 7 8 22.0 28.7 32.0642756420685 118.79567419309993
2020-00-00 03:28:24 416 1 7 6 7 22.0 28.8 32.06430214617002 118.79565595165491
2020-00-00 03:28:26 416 1 7 6 7 22.0 28.8 32.06434214380483 118.79565597897412
2020-00-00 03:28:28 416 1 7 6 7 21.7 29.2 32.06435034470403 118.79564104495292
2020-00-00 03:28:30 416 1 7 6 7 21.7 29.2 32.064375196390294 118.79562446236206
2020-00-00 03:28:32 416 1 7 6 7 21.6 29.6 32.064385004567335 118.7956028897368
2020-00-00 03:28:34 416 1 7 6 7 21.7 29.8 32.064398160231484 118.79558297940753
2020-00-00 03:28:36 416 1 7 6 7 21.6 29.9 32.06441619692283 118.79554979303518
2020-00-00 03:28:38 425 1 11 6 7 21.6 30.0 32.06444576490086 118.79550167545466
2020-00-00 03:28:40 427 1 12 6 7 21.5 30.2 32.06445686413439 118.79543860673246
2020-00-00 03:28:44 432 2 14 6 7 21.5 30.2 32.06451120032709 118.79536560875076
2020-00-00 03:28:46 434 2 15 7 8 21.6 30.1 32.06453407931139 118.79531582835754
2020-00-00 03:28:48 436 2 16 7 8 21.5 30.1 32.064538821414445 118.79528761412699
2020-00-00 03:28:50 439 2 17 8 9 21.4 30.2 32.064555046074666 118.79523948978571
2020-00-00 03:28:52 436 2 16 8 9 21.4 30.4 32.06457636026041 118.79520132818088
2020-00-00 03:28:54 425 1 11 9 11 21.5 30.5 32.06459599129408 118.79516150589284
2020-00-00 03:28:56 427 1 12 9 11 21.6 30.5 32.0645907764793 118.79513826517183
2020-00-00 03:29:00 432 2 14 9 11 21.7 30.4 32.064580252751234 118.79508182527233
2020-00-00 03:29:02 434 2 15 9 11 21.8 30.2 32.06457998956797 118.79505360890084
2020-00-00 03:29:04 436 2 16 8 9 22.2 30.0 32.064578074689365 118.79502705133073
2020-00-00 03:29:06 423 1 10 7 8 22.5 29.9 32.064572748183714 118.79499219282756
2020-00-00 03:29:08 436 2 16 7 8 22.7 29.5 32.06457414943286 118.79496397804247
2020-00-00 03:29:10 436 2 16 7 8 22.7 29.5 32.0645672015287 118.7949340980579
2020-00-00 03:29:12 436 2 16 7 8 22.7 29.5 32.06456349170131 118.7948942620663
2020-00-00 03:29:14 480 5 35 6 7 22.9 29.1 32.06456331860194 118.7948760050278
2020-00-00 03:29:16 480 5 35 6 7 22.9 29.1 32.06457639882933 118.79484945840488
2020-00-00 03:29:18 480 5 35 6 7 22.9 29.1 32.06458449459655 118.79482456825909
2020-00-00 03:29:20 475 4 33 6 7 23.1 28.4 32.06459265324627 118.79480631704693
2020-00-00 03:29:22 475 4 33 6 7 23.1 28.4 32.06460076399235 118.79478308679103
2020-00-00 03:29:24 475 4 33 6 7 23.1 28.4 32.064605525249576 118.79475819470362
2020-00-00 03:29:26 475 4 33 7 8 22.6 28.2 32.06463201507049 118.79473995598244
2020-00-00 03:29:28 457 3 25 7 8 22.3 28.3 32.064645204032466 118.79472502774225
2020-00-00 03:29:30 457 3 25 7 8 22.3 28.3 32.0646265362113 118.79469016225931
2020-00-00 03:29:32 455 3 24 8 9 21.9 28.7 32.0646397245541 118.79467523415727
2020-00-00 03:29:34 457 3 25 8 9 22.0 29.0 32.06466961041721 118.7946636365476
2020-00-00 03:29:36 455 3 24 8 9 21.9 29.2 32.06469465695621 118.79466863221805
2020-00-00 03:29:38 466 4 29 8 9 22.3 29.3 32.06468948073097 118.794650372598
2020-00-00 03:29:40 471 4 31 8 9 22.6 29.3 32.06471778013679 118.79464707215377
2020-00-00 03:29:42 480 5 35 8 9 22.9 29.2 32.064707426756314 118.79461055312602
2020-00-00 03:29:44 471 4 31 8 9 22.7 29.0 32.064688755627905 118.79457568841735
2020-00-00 03:29:46 462 3 27 8 9 23.0 28.8 32.064700340702004 118.7945673980133
2020-00-00 03:29:48 457 3 25 8 9 23.3 28.6 32.0647168120293 118.79454749353025
2020-00-00 03:29:50 466 4 29 8 9 23.5 28.3 32.06470140717708 118.79450599297788
2020-00-00 03:29:52 471 4 31 8 9 23.2 28.0 32.06468935033611 118.79446615455258
2020-00-00 03:29:54 515 7 50 8 9 23.0 28.2 32.06467230886702 118.79442797266282
2020-00-00 03:29:56 515 7 50 8 9 23.0 28.2 32.06466033153892 118.79439643269353
2020-00-00 03:29:58 501 6 44 8 9 22.6 28.6 32.06465168651308 118.79436489512432
2020-00-00 03:30:00 586 11 81 8 9 22.3 28.7 32.06464962440126 118.79432506436787
2020-00-00 03:30:02 639 14 104 8 9 22.2 29.5 32.06464259442004 118.79428854965428
2020-00-00 03:30:08 574 10 76 7 8 22.3 29.6 32.06462326467547 118.79418896516685
2020-00-00 03:30:10 538 8 60 7 8 22.1 29.5 32.064616347766815 118.79416406792258
2020-00-00 03:30:12 535 8 59 7 8 21.9 29.4 32.06460603016277 118.79413253052554
2020-00-00 03:30:14 519 7 52 7 8 21.8 29.4 32.06459906168312 118.79410265503185
2020-00-00 03:30:16 519 7 52 7 8 21.7 29.4 32.06459039220545 118.7940694596003
2020-00-00 03:30:18 519 7 52 7 8 21.7 29.4 32.06459505433325 118.79403627330525
2020-00-00 03:30:20 542 8 62 7 8 21.6 29.7 32.0645930493132 118.79400308273284
2020-00-00 03:30:22 542 8 62 7 8 21.5 29.8 32.06459435953257 118.79396823513143
2020-00-00 03:30:26 565 10 72 8 9 21.3 29.8 32.064595429999876 118.79391015552373
2020-00-00 03:30:38 627 14 99 9 11 21.3 30.0 32.06461730285439 118.7937691204208
2020-00-00 03:30:46 475 4 33 9 11 21.1 30.0 32.06461162836497 118.79370440083305
2020-00-00 03:30:50 462 3 27 8 9 21.4 29.8 32.06462468304808 118.79367785971701
2020-00-00 03:30:52 443 2 19 8 9 21.3 29.6 32.06463461287862 118.7936712289152
2020-00-00 03:30:56 466 4 29 8 9 21.4 29.4 32.06466134740982 118.79367788422466
2020-00-00 03:30:58 480 5 35 8 9 21.6 29.4 32.064681398279674 118.7936828756915
2020-00-00 03:31:02 480 5 35 8 9 21.8 29.2 32.06471311504979 118.79368787491059
2020-00-00 03:31:04 480 5 35 8 9 21.8 29.2 32.06472655170091 118.79369784004669
2020-00-00 03:31:12 416 1 7 2 2 21.6 29.1 32.06486269273132 118.79397007297436
2020-00-00 03:31:14 416 1 7 2 2 21.4 29.3 32.064885888545305 118.7939568126876
2020-00-00 03:31:16 416 1 7 3 3 21.3 29.3 32.06489235051946 118.79393690365539
2020-00-00 03:31:18 416 1 7 4 4 21.4 29.4 32.064907315458896 118.79393359461878
2020-00-00 03:31:20 416 1 7 4 4 21.5 29.5 32.06494700574965 118.79390375088425
2020-00-00 03:31:22 416 1 7 3 3 21.4 29.5 32.06499178053448 118.79388220765969
2020-00-00 03:31:24 416 1 7 4 4 21.4 29.6 32.06501339441533 118.7938772435073
2020-00-00 03:31:26 416 1 7 5 6 21.4 29.9 32.065028342052805 118.79387227499531
2020-00-00 03:31:28 416 1 7 5 6 21.4 30.1 32.06505318618303 118.79385735642406
2020-00-00 03:31:30 416 1 7 6 7 21.5 29.9 32.06508462767555 118.79383580451221
2020-00-00 03:31:32 416 1 7 6 7 21.5 29.9 32.065116206304936 118.79382752795632
2020-00-00 03:31:34 416 1 7 7 8 21.4 30.0 32.065162697844386 118.79381096399248
2020-00-00 03:31:36 416 1 7 7 8 21.4 30.0 32.065202729484874 118.79381430860954
2020-00-00 03:31:38 416 1 7 7 8 21.4 30.9 32.06523932478725 118.79380769454215
2020-00-00 03:31:40 416 1 7 7 8 21.4 30.6 32.0652776382297 118.79380605972007
2020-00-00 03:31:42 416 1 7 7 8 21.4 30.6 32.06530760169374 118.79380276009782
2020-00-00 03:31:44 416 1 7 7 8 21.4 30.6 32.06533576076372 118.79378618412049
2020-00-00 03:31:46 416 1 7 7 8 21.4 30.6 32.065357356926114 118.7937795603181
2020-00-00 03:31:48 416 1 7 7 8 22.5 29.5 32.06538055055793 118.79376629996254
2020-00-00 03:31:50 416 1 7 7 8 22.7 29.1 32.06540705985329 118.79375138233462
2020-00-00 03:31:52 416 1 7 7 8 22.5 28.6 32.065422076059214 118.7937530512469
2020-00-00 03:31:54 416 1 7 7 8 22.4 28.6 32.06545037278415 118.79374975040702
2020-00-00 03:31:56 416 1 7 7 8 22.3 28.6 32.06547700294502 118.79374644848048
2020-00-00 03:31:58 416 1 7 7 8 22.2 28.5 32.065498702614086 118.79374978094431
2020-00-00 03:32:00 416 1 7 7 8 22.1 28.5 32.065520315833616 118.7937448164189
2020-00-00 03:32:02 416 1 7 7 8 22.1 28.5 32.065548595205584 118.79373985606773
2020-00-00 03:32:04 416 1 7 7 8 22.1 28.8 32.0655719268241 118.79373987072032
2020-00-00 03:32:06 416 1 7 7 8 22.2 28.9 32.06559524113587 118.79373822595728
2020-00-00 03:32:08 416 1 7 7 8 22.7 28.8 32.06561853813425 118.79373492178024
2020-00-00 03:32:10 416 1 7 7 8 23.2 28.6 32.065638553953015 118.7937365936685
2020-00-00 03:32:12 416 1 7 7 8 23.4 28.3 32.06566343090922 118.79372499354442
2020-00-00 03:32:14 416 1 7 7 8 23.7 27.8 32.06568990493497 118.79370675692134
2020-00-00 03:32:16 416 1 7 7 8 23.4 28.0 32.0657114311547 118.79369349535075
2020-00-00 03:32:18 416 1 7 7 8 23.3 28.3 32.06573297460511 118.79368189316405
2020-00-00 03:32:20 416 1 7 7 8 23.2 28.3 32.06575113267464 118.79366531080319
2020-00-00 03:32:22 416 1 7 8 9 23.0 27.9 32.06577769288478 118.79365537109227
2020-00-00 03:32:24 416 1 7 8 9 23.0 27.9 32.06580251674903 118.79363879288488
2020-00-00 03:32:26 416 1 7 8 9 23.0 27.9 32.065820691684436 118.79362386994767
2020-00-00 03:32:28 416 1 7 8 9 23.0 27.9 32.06585051473222 118.79360729485641
2020-00-00 03:32:30 416 1 7 8 9 23.0 27.9 32.06587374137166 118.79359735307908
2020-00-00 03:32:32 416 1 7 9 11 22.7 27.7 32.065895353885104 118.79359238831799
2020-00-00 03:32:34 416 1 7 9 11 22.6 27.8 32.065917001373506 118.79359074223618
2020-00-00 03:32:36 416 1 7 9 11 22.6 27.8 32.06593689478897 118.79358079838075
2020-00-00 03:32:38 416 1 7 9 11 22.6 27.8 32.06595682316481 118.793574173211
2020-00-00 03:32:40 416 1 7 9 11 22.6 27.8 32.065980031976146 118.79356257203708
2020-00-00 03:32:42 416 1 7 9 11 22.6 27.8 32.06600329331573 118.79355594887544
2020-00-00 03:32:44 416 1 7 9 11 22.6 27.8 32.06602494072776 118.79355430269753
2020-00-00 03:32:46 416 1 7 9 11 22.6 27.8 32.06604490404776 118.79355099615135
2020-00-00 03:32:48 416 1 7 7 8 22.3 28.6 32.066076480417046 118.79354271863853
2020-00-00 03:32:50 416 1 7 7 8 22.2 28.7 32.06609649638253 118.79354439005589
2020-00-00 03:32:52 416 1 7 7 8 22.2 28.7 32.06612152949657 118.79354772380464
2020-00-00 03:32:54 416 1 7 7 8 22.1 28.9 32.066146562594305 118.79355105752671
2020-00-00 03:32:56 416 1 7 7 8 22.1 28.9 32.06617322711059 118.79355107354715
2020-00-00 03:32:58 416 1 7 8 9 21.9 28.7 32.06619647077393 118.79354279085824
2020-00-00 03:33:00 416 1 7 8 9 21.9 28.8 32.06622645077324 118.7935411494758
2020-00-00 03:33:02 416 1 7 8 9 22.1 28.7 32.06625320305624 118.79354946207653
2020-00-00 03:33:04 416 1 7 8 9 22.3 28.7 32.0662814989578 118.79354616028644
2020-00-00 03:33:06 416 1 7 9 11 22.2 28.5 32.06630981240156 118.79354451779656
2020-00-00 03:33:08 416 1 7 9 11 22.1 28.6 32.06633635389461 118.79353291828204
2020-00-00 03:33:10 439 2 17 9 11 22.1 28.6 32.06635793086297 118.7935246344585
2020-00-00 03:33:12 427 1 12 9 11 22.7 28.6 32.066372700813524 118.79350307208308
2020-00-00 03:33:18 457 3 25 9 11 23.2 27.9 32.066414046586814 118.79347322892121
2020-00-00 03:33:20 443 2 19 9 11 23.3 27.7 32.066429080633306 118.7934765563833
2020-00-00 03:33:26 659 16 113 8 9 23.8 27.3 32.066474006230095 118.79346994555422
2020-00-00 03:33:28 802 25 175 8 9 23.5 27.3 32.06648393473427 118.79346331416255
2020-00-00 03:33:30 924 32 228 8 9 23.3 27.6 32.066500387827055 118.79344341220788
2020-00-00 03:33:32 977 35 251 8 9 23.1 27.8 32.06651520951104 118.79342682793693
2020-00-00 03:33:38 915 32 224 10 12 23.0 28.0 32.0665821006015 118.79344843775824
2020-00-00 03:33:46 632 14 101 14 17 24.0 27.1 32.06669530027687 118.7934368881998
2020-00-00 03:33:50 579 11 78 14 17 24.6 26.5 32.06672520911943 118.79342860894364
2020-00-00 03:33:53 416 1 7 0 0 24.7 26.3 32.06669499902461 118.79340868008825
2020-00-00 03:33:57 416 1 7 3 3 24.8 25.7 32.06674440806594 118.79335395229833
2020-00-00 03:33:59 416 1 7 3 3 24.8 25.7 32.06676768590475 118.79334898783173
2020-00-00 03:34:01 416 1 7 7 8 24.2 25.6 32.06678591067545 118.79333904265232
2020-00-00 03:34:03 416 1 7 9 11 23.8 25.7 32.06679750497025 118.79333241221602
2020-00-00 03:34:05 416 1 7 9 11 23.5 25.9 32.0668208897472 118.79333740336068
2020-00-00 03:34:07 416 1 7 10 12 23.3 26.3 32.066841030566934 118.79335068898258
2020-00-00 03:34:09 416 1 7 10 12 23.1 26.6 32.06686281996078 118.79336231627907
2020-00-00 03:34:11 416 1 7 10 12 23.3 26.8 32.06687780082003 118.79336066551424
2020-00-00 03:34:13 416 1 7 10 12 23.5 26.9 32.066904429489426 118.79335736206703
2020-00-00 03:34:15 416 1 7 10 12 23.6 26.9 32.066922689930735 118.7933507353166
2020-00-00 03:34:27 416 1 7 10 12 25.3 26.1 32.06703576335988 118.79332756922271
2020-00-00 03:34:29 416 1 7 10 12 25.5 25.7 32.06705400575855 118.79331928312143
2020-00-00 03:34:31 416 1 7 9 11 25.3 25.3 32.06707061731656 118.79331431462435
2020-00-00 03:34:33 416 1 7 9 11 25.1 25.3 32.067093841284525 118.79330437203193
2020-00-00 03:34:35 416 1 7 9 11 24.8 25.8 32.06710380460572 118.79330105907033
2020-00-00 03:34:37 416 1 7 9 11 24.8 26.4 32.06712208259433 118.79329609147648
2020-00-00 03:34:39 416 1 7 9 11 24.8 26.4 32.06714867522512 118.79328946923312
2020-00-00 03:34:41 416 1 7 9 11 25.6 25.6 32.06716870915665 118.7932927988474
2020-00-00 03:34:43 416 1 7 9 11 25.9 25.2 32.06718879672752 118.7933011062414
2020-00-00 03:34:45 416 1 7 9 11 26.2 24.9 32.067208830618625 118.79330443582457
2020-00-00 03:34:47 416 1 7 9 11 26.2 24.9 32.067238863558394 118.79330777089916
2020-00-00 03:34:49 416 1 7 9 11 26.2 24.9 32.067265581325806 118.79331276337167
2020-00-00 03:34:51 416 1 7 9 11 25.9 24.3 32.06729063255559 118.7933177549013
2020-00-00 03:34:53 416 1 7 9 11 25.6 24.3 32.06731054133998 118.79330946950645
2020-00-00 03:34:55 416 1 7 9 11 25.4 24.5 32.06733548534776 118.79330450536865
2020-00-00 03:34:57 416 1 7 9 11 25.0 24.7 32.06735369174647 118.79329290051272
2020-00-00 03:34:59 416 1 7 10 12 24.9 24.9 32.06736869031621 118.7932929086851
2020-00-00 03:35:01 416 1 7 10 12 24.9 25.1 32.06739203931 118.7932945806407
2020-00-00 03:35:03 416 1 7 10 12 25.2 25.2 32.06741538829481 118.79329625257104
2020-00-00 03:35:05 416 1 7 10 12 25.3 25.1 32.06743045838597 118.7933028977628
2020-00-00 03:35:07 416 1 7 10 12 25.6 25.0 32.067457247581345 118.7933145270658
2020-00-00 03:35:09 416 1 7 9 11 25.7 25.0 32.067478947876204 118.7933178573019
2020-00-00 03:35:11 416 1 7 9 11 25.7 25.0 32.0675055940963 118.79331621239473
2020-00-00 03:35:13 416 1 7 8 9 25.8 24.9 32.06753053806954 118.79331124802071
2020-00-00 03:35:15 416 1 7 8 9 26.1 25.0 32.06755209537453 118.79330130403476
2020-00-00 03:35:17 416 1 7 8 9 26.2 24.9 32.06757205765097 118.79329799620945
2020-00-00 03:35:19 416 1 7 8 9 25.9 24.5 32.06759200202288 118.79329302910287
2020-00-00 03:35:21 416 1 7 8 9 25.6 24.4 32.06761036933271 118.79329635741155
2020-00-00 03:35:23 416 1 7 8 9 25.2 24.3 32.0676337182517 118.79329802910065
2020-00-00 03:35:25 416 1 7 8 9 24.7 24.5 32.06765701350226 118.79329472296918
2020-00-00 03:35:27 416 1 7 9 11 24.5 24.7 32.067680308737295 118.7932914168136
2020-00-00 03:35:29 416 1 7 9 11 24.6 25.0 32.06770032464106 118.79329308666144
2020-00-00 03:35:31 416 1 7 10 12 24.5 25.2 32.067727042313535 118.79329807853775
2020-00-00 03:35:33 416 1 7 10 12 24.5 25.2 32.067755426457005 118.7933030712612
2020-00-00 03:35:39 416 1 7 12 14 24.2 25.4 32.06782196120517 118.79329149137347
2020-00-00 03:35:41 416 1 7 12 14 24.2 25.5 32.06784364357102 118.79329316195596
2020-00-00 03:35:43 416 1 7 12 14 24.4 25.6 32.06786190345837 118.793286534464
2020-00-00 03:35:51 416 1 7 10 12 24.5 25.5 32.06793055167639 118.79331643674634
2020-00-00 03:35:53 434 2 15 10 12 24.9 25.7 32.067948811665644 118.79330980915223
2020-00-00 03:35:55 427 1 12 10 12 24.9 25.5 32.06796866657814 118.79329654534635
2020-00-00 03:35:59 595 12 85 9 11 25.0 25.6 32.06800018680792 118.7932832875555
2020-00-00 03:36:03 662 16 114 9 11 24.8 26.3 32.068038301153706 118.79326339613863
2020-00-00 03:36:05 521 7 53 9 11 24.9 26.1 32.06805322785299 118.79325676680304
2020-00-00 03:36:07 510 6 48 9 11 24.8 25.9 32.06807648697901 118.79325014172157
2020-00-00 03:36:09 462 3 27 9 11 24.6 26.0 32.06808806265836 118.79324185142336
2020-00-00 03:36:11 446 2 20 9 11 24.8 26.0 32.06810465572742 118.79323522292486
2020-00-00 03:36:13 443 2 19 9 11 25.0 26.0 32.06811275442104 118.79321365698823
2020-00-00 03:36:21 423 1 10 9 11 25.0 25.9 32.0681707573374 118.79318382032132
2020-00-00 03:36:23 423 1 10 9 11 25.0 25.9 32.06818747633914 118.79318880645167
2020-00-00 03:36:25 427 1 12 10 12 24.9 25.7 32.06820915873923 118.79319047662375
2020-00-00 03:36:29 432 2 14 10 12 24.5 26.0 32.068292861271615 118.7932253625171
2020-00-00 03:36:35 439 2 17 9 11 25.1 25.9 32.06837957254274 118.7932303834265
2020-00-00 03:36:37 439 2 17 9 11 25.1 25.9 32.06839618347134 118.79322541395088
2020-00-00 03:36:40 439 2 17 9 11 25.1 25.9 32.06841607337595 118.79321546838571
2020-00-00 03:36:41 427 1 12 9 11 25.3 25.0 32.068437719690316 118.79321381984187
2020-00-00 03:36:46 432 2 14 9 11 24.8 24.9 32.06847773331775 118.79321549877378
2020-00-00 03:36:47 434 2 15 9 11 24.6 25.1 32.06849432616532 118.79320886999085
2020-00-00 03:36:49 434 2 15 9 11 24.6 25.1 32.06852432286979 118.7932088846832
2020-00-00 03:36:52 448 3 21 9 11 24.6 25.4 32.068560877438095 118.79319894714868
2020-00-00 03:36:53 439 2 17 9 11 24.4 25.6 32.068580767092435 118.79318900146787
2020-00-00 03:36:55 498 6 43 9 11 24.2 25.8 32.068600710778846 118.79318403348175
2020-00-00 03:36:58 466 4 29 9 11 24.0 25.9 32.0686323378487 118.79318073035931
2020-00-00 03:36:59 466 4 29 9 11 23.8 26.1 32.06866068605808 118.79318240327834
2020-00-00 03:37:01 448 3 21 9 11 23.8 26.3 32.06868571932948 118.79318573378852
2020-00-00 03:37:04 455 3 24 9 11 24.0 26.4 32.06873402919484 118.79318409775341
2020-00-00 03:37:05 478 4 34 9 11 24.0 26.4 32.06876565621048 118.79318079442501
2020-00-00 03:37:07 515 7 50 9 11 23.9 26.5 32.06879728320454 118.79317749104953
2020-00-00 03:37:10 655 15 111 9 11 24.0 26.8 32.068833801279396 118.79316423462299
2020-00-00 03:37:11 655 15 111 9 11 24.0 26.8 32.068850375711285 118.79315594638223
2020-00-00 03:37:13 570 10 74 9 11 23.6 26.9 32.068868761154135 118.79316093272514
2020-00-00 03:37:16 567 10 73 8 9 23.6 27.0 32.06889872157891 118.79315762841617
2020-00-00 03:37:18 823 26 184 8 9 23.5 27.9 32.06892201608476 118.79315432093557
2020-00-00 03:37:20 719 19 139 8 9 23.5 27.9 32.06894199570377 118.79315267109257
2020-00-00 03:37:22 659 16 113 8 9 23.4 27.9 32.06896036306704 118.79315599812475
2020-00-00 03:37:26 590 11 83 8 9 24.2 27.4 32.068997079690234 118.79316099291829
2020-00-00 03:37:30 565 10 72 7 8 24.4 26.7 32.06903533628331 118.7931543738383
2020-00-00 03:37:32 565 10 72 7 8 24.2 26.4 32.069055225464766 118.79314442776806
2020-00-00 03:37:36 579 11 78 7 8 24.4 26.4 32.069078411301575 118.79313116479702
2020-00-00 03:37:38 600 12 87 8 9 24.7 26.3 32.06909837274221 118.79312785558898
2020-00-00 03:37:47 416 1 7 3 3 24.8 25.8 32.06913958111221 118.79308639445895
2020-00-00 03:37:49 416 1 7 5 6 24.7 25.8 32.06913093968481 118.79305818420013
2020-00-00 03:37:51 416 1 7 7 8 24.6 25.8 32.06914242287446 118.79304159759715
2020-00-00 03:37:53 416 1 7 9 11 24.5 25.8 32.0691489793901 118.79303164550143
2020-00-00 03:37:57 416 1 7 9 11 24.2 26.2 32.06920283427921 118.79307978660033
2020-00-00 03:37:59 416 1 7 9 11 24.3 26.3 32.069209554657654 118.79308476725153
2020-00-00 03:38:01 416 1 7 9 11 24.2 26.5 32.06921111209847 118.79307481278623
2020-00-00 03:38:03 416 1 7 8 9 24.5 26.7 32.069217614285016 118.79305988301532
2020-00-00 03:38:05 416 1 7 8 9 24.7 26.6 32.06922219458556 118.79302172384546
2020-00-00 03:38:07 416 1 7 8 9 24.9 26.3 32.06922049161965 118.79301840471253
2020-00-00 03:38:27 416 1 7 8 9 23.9 27.5 32.06934445121373 118.79292554742447
2020-00-00 03:38:29 416 1 7 8 9 24.2 27.4 32.06937607730609 118.79292224328502
2020-00-00 03:38:31 416 1 7 8 9 24.2 27.4 32.06943160261511 118.7929703836451
2020-00-00 03:38:33 416 1 7 9 11 24.1 27.0 32.06945496972525 118.79297371234827
2020-00-00 03:38:35 416 1 7 9 11 24.1 27.0 32.0695016672933 118.79297705132699
2020-00-00 03:38:37 416 1 7 10 12 23.9 27.7 32.0695399043627 118.79296877231911
2020-00-00 03:38:39 416 1 7 10 12 23.9 27.6 32.06957281175908 118.79293062606041
2020-00-00 03:38:49 416 1 7 10 12 23.2 27.9 32.06964636348792 118.79280124541239
2020-00-00 03:38:51 416 1 7 10 12 23.2 28.1 32.069662861205884 118.79278632050533
2020-00-00 03:38:53 416 1 7 9 11 23.2 28.1 32.06969100538348 118.79276974153821
2020-00-00 03:38:55 416 1 7 9 11 23.3 28.4 32.06970757707498 118.79276145313312
2020-00-00 03:38:57 416 1 7 9 11 23.3 28.5 32.069734110261756 118.79274985079272
2020-00-00 03:38:59 416 1 7 9 11 23.3 29.0 32.06975234827281 118.79274156309272
2020-00-00 03:39:01 416 1 7 9 11 23.2 29.8 32.069773844646626 118.79272664038038
2020-00-00 03:39:03 416 1 7 9 11 23.1 29.6 32.06979882285662 118.79272499193844
2020-00-00 03:39:05 416 1 7 9 11 23.1 29.3 32.069831946909815 118.79270675596607
2020-00-00 03:39:07 416 1 7 10 12 23.1 29.0 32.0698720723337 118.79271838661963
2020-00-00 03:39:09 416 1 7 10 12 23.2 29.1 32.06993925149204 118.7927648697687
2020-00-00 03:39:11 416 1 7 10 12 23.1 28.9 32.06996091537192 118.79276487883463
2020-00-00 03:39:13 416 1 7 10 12 23.1 28.8 32.06998765289655 118.79277152643313
2020-00-00 03:39:15 416 1 7 10 12 23.2 28.6 32.0700262224985 118.79279311095031
2020-00-00 03:39:17 416 1 7 10 12 23.0 28.5 32.070064569394354 118.7927947859328
2020-00-00 03:39:19 416 1 7 10 12 23.0 28.5 32.070087918226704 118.79279645467464
2020-00-00 03:39:21 416 1 7 10 12 23.0 28.5 32.070111192889726 118.792791486888
2020-00-00 03:39:23 416 1 7 9 11 22.2 28.5 32.07015116910404 118.79278984413828
2020-00-00 03:39:25 416 1 7 9 11 22.3 28.7 32.0701779805682 118.79280312801684
2020-00-00 03:39:27 416 1 7 9 11 22.3 28.7 32.07020988376104 118.7928247095786
2020-00-00 03:39:29 416 1 7 9 11 22.2 29.0 32.0702164384991 118.7928147574871
2020-00-00 03:39:31 416 1 7 9 11 22.4 29.2 32.07023138096281 118.79280978616737
2020-00-00 03:39:33 416 1 7 9 11 22.5 29.2 32.07025124861569 118.79279818034885
2020-00-00 03:39:35 416 1 7 9 11 22.4 29.2 32.07027113470841 118.79278823365583
2020-00-00 03:39:37 416 1 7 9 11 22.5 29.2 32.07028102204978 118.79277828294323
2020-00-00 03:39:39 416 1 7 9 11 22.6 29.5 32.07029926010962 118.7927699947029
2020-00-00 03:39:41 416 1 7 9 11 22.6 29.6 32.07033082966422 118.7927617117855
2020-00-00 03:39:43 510 6 48 9 11 22.6 30.3 32.07034723373707 118.7927384908492
2020-00-00 03:39:45 427 1 12 9 11 22.6 29.9 32.07037361740478 118.79271361485773
2020-00-00 03:39:47 494 5 41 9 11 22.9 30.1 32.070391892332815 118.79270864482223
2020-00-00 03:39:49 432 2 14 9 11 22.9 29.8 32.07040514925268 118.7927020136965
2020-00-00 03:39:51 434 2 15 8 9 22.9 29.4 32.070433366772974 118.79269207029056
2020-00-00 03:39:53 436 2 16 8 9 22.9 29.2 32.07045677162228 118.79269871586563
2020-00-00 03:39:55 439 2 17 8 9 22.8 29.2 32.07047000980686 118.79269042560983
2020-00-00 03:39:57 423 1 10 8 9 22.9 29.0 32.07048330398009 118.79268711264241
2020-00-00 03:39:59 425 1 11 8 9 23.0 29.1 32.07049495038356 118.79268545811159
2020-00-00 03:40:01 427 1 12 8 9 23.3 28.8 32.07052492762082 118.79268381072318
2020-00-00 03:40:15 487 5 38 9 11 23.1 28.2 32.070664702781215 118.79266561473477
2020-00-00 03:40:17 450 3 22 10 12 23.1 28.3 32.07069121604673 118.79265235220694
2020-00-00 03:40:19 450 3 22 10 12 23.1 28.3 32.07071952672778 118.79265070389644
2020-00-00 03:40:21 436 2 16 10 12 23.1 28.3 32.07074781866802 118.79264739646021
2020-00-00 03:40:27 436 2 16 10 12 23.0 28.4 32.07081891250066 118.79259765107759
2020-00-00 03:40:35 432 2 14 10 12 22.8 28.6 32.07090937815087 118.79249316456284
2020-00-00 03:40:37 434 2 15 10 12 22.8 28.6 32.07093255671196 118.7924799008448
2020-00-00 03:40:39 510 6 48 10 12 22.8 28.7 32.0709389380662 118.79245501775053
2020-00-00 03:40:41 489 5 39 10 12 22.6 28.9 32.07094878479176 118.79244174917855
2020-00-00 03:40:43 439 2 17 10 12 22.6 28.7 32.070957002961876 118.79243179807104
2020-00-00 03:40:45 427 1 12 10 12 22.6 28.7 32.070958669391786 118.79243179868334
2020-00-00 03:40:47 478 4 34 9 11 22.6 28.7 32.070957154918375 118.79244507030279
2020-00-00 03:40:49 715 19 137 9 11 22.5 28.8 32.07094725124276 118.79245336178525
2020-00-00 03:40:51 641 15 105 9 11 22.5 29.0 32.07094905045118 118.79246497564
2020-00-00 03:40:55 627 14 99 9 11 22.4 29.0 32.070964502778686 118.79250479814577
2020-00-00 03:40:57 816 25 181 9 11 22.4 29.1 32.070961264445366 118.79251309216113
2020-00-00 03:40:59 952 34 240 9 11 22.3 29.2 32.07096970995616 118.79252304952165
2020-00-00 03:41:01 887 30 212 9 11 22.3 29.3 32.070984896589806 118.79253964555707
2020-00-00 03:41:03 857 28 199 9 11 22.3 29.4 32.07099339844717 118.79255458012882
2020-00-00 03:41:05 731 20 144 9 11 22.3 29.5 32.07099854844543 118.79256785445169
2020-00-00 03:41:07 646 15 107 8 9 22.3 29.6 32.071015570131046 118.79259938282526
2020-00-00 03:41:09 678 17 121 8 9 22.3 29.7 32.071034557209636 118.79265745730113
2020-00-00 03:41:11 639 14 104 8 9 22.3 29.7 32.07105326181929 118.79269064580632
2020-00-00 03:41:13 584 11 80 8 9 22.3 29.7 32.07106357753452 118.79271885414259
2020-00-00 03:41:16 547 9 64 7 8 22.3 29.8 32.07107913355803 118.79276863290876
2020-00-00 03:41:20 505 6 46 7 8 22.3 29.8 32.07111329576705 118.79284330569959
2020-00-00 03:41:22 482 5 36 7 8 22.3 29.7 32.07114384481723 118.79289309082658
2020-00-00 03:41:26 450 3 22 7 8 22.3 29.6 32.07119180670892 118.79301090843771
2020-00-00 03:41:28 425 1 11 7 8 22.3 29.5 32.07120889040149 118.79304907572718
2020-00-00 03:41:34 432 2 14 7 8 22.3 29.4 32.07122307538011 118.79312706313586
2020-00-00 03:41:38 471 4 31 7 8 22.3 29.6 32.07121758230279 118.79323491084368
2020-00-00 03:41:40 439 2 17 7 8 22.4 29.7 32.07122299430721 118.793273075418
2020-00-00 03:41:44 425 1 11 7 8 22.3 29.6 32.07122700653935 118.7933361287247
2020-00-00 03:41:46 427 1 12 7 8 22.3 29.4 32.07122722042808 118.79335604006243
2020-00-00 03:41:50 432 2 14 8 9 22.3 29.0 32.07124124478631 118.79342075709272
2020-00-00 03:41:52 434 2 15 8 9 22.3 28.9 32.071244843274116 118.79344564781177
2020-00-00 03:41:56 439 2 17 8 9 22.3 28.8 32.071256949877615 118.79348713473347
2020-00-00 03:41:58 439 2 17 8 9 22.3 28.8 32.07125396935515 118.79352032001238
2020-00-00 03:42:02 480 5 35 8 9 22.2 29.0 32.071252619272535 118.79355018739493
2020-00-00 03:42:04 475 4 33 8 9 22.2 29.0 32.0712445677485 118.79357673388783
2020-00-00 03:42:06 763 22 158 8 9 22.2 29.6 32.07124293635943 118.79358005198681
2020-00-00 03:42:18 416 1 7 3 3 22.1 29.5 32.07166981955814 118.79360674770443
2020-00-00 03:42:20 416 1 7 4 4 22.1 29.8 32.07150208717682 118.7936614500352
2020-00-00 03:42:22 416 1 7 4 4 22.1 29.8 32.07148059770113 118.79367803635247
2020-00-00 03:42:24 416 1 7 4 4 22.1 29.9 32.07141270844938 118.7937194973687
2020-00-00 03:42:26 416 1 7 5 6 22.1 29.7 32.07137948398194 118.79372944216065
2020-00-00 03:42:28 416 1 7 5 6 22.1 29.7 32.07135294240713 118.79374104862376
2020-00-00 03:42:30 416 1 7 5 6 22.0 29.2 32.071340129064964 118.79379082591305
2020-00-00 03:42:32 416 1 7 5 6 22.2 29.2 32.07135031703721 118.79380908287949
2020-00-00 03:42:34 416 1 7 5 6 22.2 29.2 32.07135550547588 118.7938273381604
2020-00-00 03:42:36 416 1 7 5 6 22.3 29.5 32.07136242869264 118.79385223176399
2020-00-00 03:42:38 416 1 7 5 6 22.3 29.5 32.071377529353384 118.79386219351501
2020-00-00 03:42:40 416 1 7 5 6 22.4 29.3 32.07139110044266 118.79388543013795
2020-00-00 03:42:42 416 1 7 5 6 22.4 29.0 32.07139797125483 118.79390534566568
2020-00-00 03:42:44 416 1 7 5 6 22.4 28.9 32.071409806892866 118.79392194409971
2020-00-00 03:42:46 416 1 7 6 7 22.3 28.8 32.07142006103949 118.7939468392453
2020-00-00 03:42:48 416 1 7 6 7 22.2 28.7 32.071425434309745 118.79398334898666
2020-00-00 03:42:50 416 1 7 6 7 22.1 28.6 32.071442352891545 118.79400824668349
2020-00-00 03:42:52 416 1 7 6 7 22.0 28.6 32.07145257146803 118.79402982324027
2020-00-00 03:42:54 416 1 7 6 7 22.0 28.7 32.071472805059834 118.79405306277644
2020-00-00 03:42:56 416 1 7 7 8 21.9 28.8 32.07148468926397 118.79407464005699
2020-00-00 03:42:58 416 1 7 7 8 21.9 28.9 32.071490025124135 118.7941078316078
2020-00-00 03:43:00 416 1 7 7 8 21.8 29.1 32.071505241198224 118.79412941022153
2020-00-00 03:43:02 416 1 7 7 8 21.8 29.1 32.071523689187664 118.79414103298765
2020-00-00 03:43:04 416 1 7 7 8 21.8 29.1 32.07154053761565 118.79415929324122
2020-00-00 03:43:06 416 1 7 8 9 21.9 29.4 32.07155741918959 118.7941808725757
2020-00-00 03:43:20 416 1 7 7 8 21.8 29.5 32.07167387999892 118.79432861015502
2020-00-00 03:43:22 416 1 7 7 8 21.8 29.5 32.07169565887794 118.79434023427784
2020-00-00 03:43:24 416 1 7 7 8 21.9 29.5 32.071710936633785 118.79436845191798
2020-00-00 03:43:26 416 1 7 7 8 22.0 29.6 32.0717247277432 118.79441492457643
2020-00-00 03:43:28 416 1 7 7 8 22.2 29.6 32.07174153928711 118.79442986636559
2020-00-00 03:43:30 416 1 7 7 8 22.2 29.6 32.07176501629161 118.79444481036239
2020-00-00 03:43:32 416 1 7 7 8 22.4 29.9 32.07177854360951 118.79446472991529
2020-00-00 03:43:34 416 1 7 7 8 22.4 29.9 32.07179038789036 118.794482989379
2020-00-00 03:43:36 416 1 7 7 8 22.6 29.8 32.071808946342415 118.79450622990561
2020-00-00 03:43:38 416 1 7 7 8 22.6 29.5 32.07181410810762 118.79452282770444
2020-00-00 03:43:40 416 1 7 7 8 22.6 29.5 32.07182593528744 118.79453942771295
2020-00-00 03:43:42 416 1 7 7 8 22.6 29.1 32.07184124073087 118.79457096553149
2020-00-00 03:43:44 416 1 7 7 8 22.7 29.1 32.07184471903937 118.79458590333853
2020-00-00 03:43:46 416 1 7 7 8 22.6 29.1 32.07184496110759 118.79461079797795
2020-00-00 03:43:48 416 1 7 7 8 22.6 29.1 32.071848599808675 118.79464233242562
2020-00-00 03:43:50 416 1 7 7 8 22.5 29.1 32.07186050557971 118.79466723108324
2020-00-00 03:43:52 416 1 7 7 8 22.5 29.1 32.07186898192167 118.79468217075771
2020-00-00 03:43:54 416 1 7 7 8 22.5 29.1 32.07187412525768 118.7946971093973
2020-00-00 03:43:56 416 1 7 7 8 22.3 29.4 32.07188263318359 118.79471536850183
2020-00-00 03:43:58 416 1 7 7 8 22.1 29.4 32.071887808012065 118.79473362659388
2020-00-00 03:44:00 416 1 7 7 8 22.0 29.4 32.07189298256215 118.79475188474538
2020-00-00 03:44:02 416 1 7 7 8 22.0 29.5 32.07190144194008 118.79476516494304
2020-00-00 03:44:08 416 1 7 7 8 21.8 29.4 32.071920264458484 118.79481662152735
2020-00-00 03:44:10 416 1 7 7 8 21.8 29.4 32.07193218239801 118.79484318064948
2020-00-00 03:44:12 436 2 16 7 8 21.8 29.4 32.07193919505202 118.79487969665948
2020-00-00 03:44:16 450 3 22 7 8 21.7 29.5 32.07195306042201 118.79493613193229
2020-00-00 03:44:18 466 4 29 7 8 21.7 29.6 32.07195169132017 118.79496766664663
2020-00-00 03:44:22 436 2 16 7 8 21.7 30.1 32.071960413277054 118.79500916331341
2020-00-00 03:44:24 439 2 17 7 8 21.6 30.2 32.07195072572053 118.7950423555829
2020-00-00 03:44:28 425 1 11 7 8 21.5 30.2 32.071925993123784 118.79507056390955
2020-00-00 03:44:30 427 1 12 7 8 21.5 30.1 32.0719127701703 118.79508217816459
2020-00-00 03:44:34 432 2 14 7 8 21.4 30.3 32.07188803661197 118.79511038664978
2020-00-00 03:44:36 434 2 15 7 8 21.4 30.2 32.071874936463615 118.79513527939508
2020-00-00 03:44:40 443 2 19 7 8 21.3 30.2 32.07185705131529 118.79518340807329
2020-00-00 03:44:42 434 2 15 7 8 21.4 30.2 32.07184572299443 118.79521992048484
2020-00-00 03:44:46 475 4 33 7 8 21.4 30.2 32.071836212040886 118.79527303213604
2020-00-00 03:44:48 475 4 33 7 8 21.4 30.2 32.071838015131725 118.79528797133248
2020-00-00 03:44:52 487 5 38 7 8 21.4 30.0 32.071846801414466 118.79533776985211
2020-00-00 03:44:54 505 6 46 7 8 21.4 29.9 32.071850270092746 118.79535270976707
2020-00-00 03:44:58 526 7 55 7 8 21.6 29.9 32.07184561719008 118.79539088536978
2020-00-00 03:45:00 531 8 57 7 8 21.6 29.8 32.071840753140386 118.79540582273829
2020-00-00 03:45:05 542 8 62 7 8 21.6 29.7 32.0718292382446 118.79542241788144
2020-00-00 03:45:07 554 9 67 7 8 21.7 29.7 32.07182279712798 118.79544731419965
2020-00-00 03:45:09 494 5 41 7 8 21.7 29.4 32.07181950914792 118.79545229282753
2020-00-00 03:45:11 450 3 22 7 8 21.7 29.2 32.071812962978306 118.79546556991122
2020-00-00 03:45:16 416 1 7 2 2 21.7 29.0 32.07180836368087 118.79569796000436
2020-00-00 03:45:18 416 1 7 3 3 21.6 29.1 32.07180682851906 118.79571289931434
2020-00-00 03:45:20 416 1 7 5 6 21.6 29.2 32.0718020330687 118.7957361375409
2020-00-00 03:45:22 416 1 7 7 8 21.5 29.0 32.071795527212 118.79575439532586
2020-00-00 03:45:24 416 1 7 9 11 21.5 28.9 32.071792339402144 118.79577099425542
2020-00-00 03:45:26 416 1 7 9 11 21.5 28.9 32.07178587637449 118.79579423219089
2020-00-00 03:45:28 416 1 7 9 11 21.5 28.9 32.07176937112872 118.79581248689985
2020-00-00 03:45:30 416 1 7 9 11 21.7 28.7 32.07176625448576 118.795837386129
2020-00-00 03:45:36 416 1 7 8 9 21.9 28.4 32.071766713880244 118.7958905072103
2020-00-00 03:45:38 416 1 7 7 8 21.9 28.4 32.07177021834758 118.79591042884702
2020-00-00 03:45:40 416 1 7 7 8 21.9 28.4 32.07177373673024 118.79593201061437
2020-00-00 03:45:42 416 1 7 7 8 22.0 28.2 32.07177722624986 118.79595027234687
2020-00-00 03:45:44 416 1 7 7 8 22.0 28.0 32.071772454418216 118.79597683175813
2020-00-00 03:45:46 416 1 7 7 8 22.0 28.2 32.07177272366521 118.79600837317835
2020-00-00 03:45:48 416 1 7 7 8 21.9 28.5 32.071772992047514 118.79603991479003
2020-00-00 03:45:50 416 1 7 7 8 22.0 28.6 32.07177993926802 118.79607311887523
2020-00-00 03:45:52 416 1 7 7 8 22.0 28.7 32.07177684502611 118.79610133956989
2020-00-00 03:45:54 416 1 7 7 8 22.0 28.6 32.07177043123747 118.79613121944493
2020-00-00 03:45:56 416 1 7 8 9 22.1 28.7 32.07176400274084 118.79615943936193
2020-00-00 03:45:58 416 1 7 8 9 22.1 28.7 32.07175922607068 118.79618599984089
2020-00-00 03:46:00 416 1 7 8 9 22.1 28.6 32.07175779546008 118.79621422169537
2020-00-00 03:46:02 416 1 7 8 9 22.0 28.4 32.07175468393004 118.79624078300216
2020-00-00 03:46:04 416 1 7 9 11 21.8 28.4 32.07175658479174 118.79626900625111
2020-00-00 03:46:06 416 1 7 9 11 21.9 28.3 32.07175677734378 118.7962922485922
2020-00-00 03:46:08 416 1 7 9 11 21.9 28.2 32.07175362289323 118.79631382976534
2020-00-00 03:46:10 416 1 7 9 11 21.9 28.3 32.071745496139194 118.79633872975542
2020-00-00 03:46:12 416 1 7 9 11 21.9 28.3 32.07174739457752 118.79636695354328
2020-00-00 03:46:14 416 1 7 8 9 21.8 28.2 32.07174927872814 118.79639351728245
2020-00-00 03:46:16 416 1 7 8 9 21.9 28.1 32.0717478023275 118.79641675963967
2020-00-00 03:46:18 416 1 7 7 8 22.1 28.2 32.071744767132245 118.79645328332197
2020-00-00 03:46:20 416 1 7 7 8 22.1 28.2 32.07174170386035 118.79648648679593
2020-00-00 03:46:22 416 1 7 7 8 22.2 28.2 32.071738626210674 118.79651803024093
2020-00-00 03:46:24 416 1 7 7 8 22.3 28.0 32.07174048008636 118.79654127426197
2020-00-00 03:46:26 416 1 7 7 8 22.3 28.0 32.071730748585495 118.79657447611075
2020-00-00 03:46:28 416 1 7 7 8 22.3 28.0 32.0717210426559 118.79661099871927
2020-00-00 03:46:30 416 1 7 7 8 22.4 28.0 32.071714496341805 118.79662593900906
2020-00-00 03:46:32 416 1 7 7 8 22.4 28.0 32.07170310913705 118.79666080113618
2020-00-00 03:46:34 416 1 7 8 9 22.5 28.0 32.07169002814225 118.79669234233945
2020-00-00 03:46:36 416 1 7 8 9 22.5 28.0 32.07168354636498 118.79671558439561
2020-00-00 03:46:38 416 1 7 9 11 22.6 27.8 32.07167543693124 118.7967438069537
2020-00-00 03:46:40 416 1 7 9 11 22.7 27.8 32.071667339822156 118.79677368999351
2020-00-00 03:46:42 416 1 7 9 11 22.7 27.7 32.07166420218955 118.79679859386317
2020-00-00 03:46:44 416 1 7 9 11 22.6 27.9 32.07166111581768 118.7968301392369
2020-00-00 03:46:46 416 1 7 9 11 22.6 28.0 32.07165305511415 118.79686500385361
2020-00-00 03:46:48 416 1 7 9 11 22.3 27.9 32.07164992831608 118.79689156853873
2020-00-00 03:46:50 416 1 7 9 11 22.3 27.9 32.07164180164388 118.79691813169173
2020-00-00 03:46:52 416 1 7 9 11 22.2 27.7 32.0716320590211 118.79695133596522
2020-00-00 03:46:54 416 1 7 9 11 22.2 27.7 32.07162895563053 118.79698122189528
2020-00-00 03:46:56 416 1 7 9 11 22.2 27.7 32.07162253128991 118.7970127672915
2020-00-00 03:46:58 416 1 7 9 11 22.4 27.9 32.07162108003921 118.79704099372945
2020-00-00 03:47:00 416 1 7 9 11 22.4 27.9 32.071619628075666 118.7970692203266
2020-00-00 03:47:02 416 1 7 9 11 22.4 27.9 32.07161647131634 118.79709246522071
2020-00-00 03:47:04 416 1 7 9 11 22.3 27.7 32.07161005634494 118.79712567175883
2020-00-00 03:47:06 416 1 7 9 11 22.3 27.6 32.07160694829025 118.79715555872761
2020-00-00 03:47:08 416 1 7 9 11 22.3 27.6 32.07161049267541 118.79718378765378
2020-00-00 03:47:10 416 1 7 9 11 22.3 27.6 32.071604037849816 118.79721201337637
2020-00-00 03:47:12 416 1 7 8 9 22.2 27.9 32.071607519077375 118.79723194021703
2020-00-00 03:47:14 425 1 11 8 9 22.1 27.7 32.071611024586254 118.79725518811136
2020-00-00 03:47:16 427 1 12 8 9 22.0 27.4 32.071612924572015 118.79728673803822
2020-00-00 03:47:20 432 2 14 7 8 21.9 27.1 32.07161668531753 118.79734485693832
2020-00-00 03:47:24 436 2 16 7 8 21.9 27.1 32.071605457369856 118.79740463201531
2020-00-00 03:47:26 439 2 17 8 9 21.8 27.1 32.071602329760175 118.797432860117
2020-00-00 03:47:30 434 2 15 8 9 21.8 27.1 32.07159929741732 118.79747437285224
2020-00-00 03:47:32 427 1 12 9 11 21.7 27.1 32.07160447621075 118.79749928301882
2020-00-00 03:47:36 432 2 14 9 11 21.8 27.1 32.0715831345664 118.7975441112991
2020-00-00 03:47:38 434 2 15 9 11 21.9 27.1 32.071579967858284 118.79756735841585
2020-00-00 03:47:44 416 1 7 0 0 22.9 26.9 32.07147044447824 118.79763208447537
2020-00-00 03:47:46 416 1 7 2 2 22.7 26.6 32.071546698731915 118.79757565009325
2020-00-00 03:47:48 416 1 7 2 2 22.7 26.6 32.07155708646292 118.79763045344531
2020-00-00 03:47:50 416 1 7 2 2 22.8 26.4 32.071564080246674 118.79767695311975
2020-00-00 03:47:52 416 1 7 3 3 22.8 26.4 32.07156433667339 118.79771348711267
2020-00-00 03:47:54 416 1 7 4 4 22.8 26.5 32.07155792621793 118.79775001911888
2020-00-00 03:47:56 416 1 7 2 2 22.9 26.6 32.07155818021487 118.79778655365831
2020-00-00 03:47:58 416 1 7 3 3 23.0 26.6 32.071558352697174 118.79781146372852
2020-00-00 03:48:00 416 1 7 4 4 23.1 26.4 32.071558513170146 118.79783471324227
2020-00-00 03:48:02 416 1 7 4 4 23.1 26.4 32.071558661739154 118.79785630217584
2020-00-00 03:48:04 416 1 7 5 6 23.1 26.2 32.071560476299666 118.79787789177041
2020-00-00 03:48:06 416 1 7 6 7 23.2 26.1 32.071562301779686 118.79790114216662
2020-00-00 03:48:08 416 1 7 6 7 23.1 25.9 32.07156582709738 118.79792937538372
2020-00-00 03:48:10 416 1 7 7 8 23.1 26.0 32.071566030109395 118.79795926836118
2020-00-00 03:48:12 416 1 7 8 9 23.1 26.0 32.07155961145694 118.79799580221305
2020-00-00 03:48:14 416 1 7 8 9 23.0 26.0 32.071563123170506 118.79802237523383
2020-00-00 03:48:16 416 1 7 9 11 23.0 25.9 32.07156159048869 118.79804230368254
2020-00-00 03:48:18 416 1 7 9 11 23.0 25.9 32.07155681332026 118.79807551719198
2020-00-00 03:48:20 416 1 7 9 11 22.9 26.0 32.07157366546343 118.79810375594404
2020-00-00 03:48:22 416 1 7 9 11 22.9 26.1 32.07157716354869 118.79812866877145
2020-00-00 03:48:24 416 1 7 9 11 22.9 26.1 32.0715806610637 118.79815358172696
2020-00-00 03:48:26 416 1 7 8 9 23.0 26.1 32.07158082517515 118.79817849368386
2020-00-00 03:48:28 416 1 7 8 9 23.0 26.1 32.071582644247414 118.79820174552331
2020-00-00 03:48:30 416 1 7 8 9 23.0 26.1 32.07158447367158 118.79822665829276
2020-00-00 03:48:36 416 1 7 7 8 23.2 25.8 32.07157491781042 118.79829474893276
2020-00-00 03:48:38 416 1 7 7 8 23.3 26.5 32.07157842222114 118.7983213235995
2020-00-00 03:48:40 416 1 7 7 8 23.3 26.3 32.07158027022492 118.79834955870953
2020-00-00 03:48:42 416 1 7 7 8 23.3 26.1 32.07158546094107 118.79837945598327
2020-00-00 03:48:44 416 1 7 7 8 23.2 26.0 32.07158559870914 118.79840104735398
2020-00-00 03:48:46 416 1 7 7 8 23.3 26.0 32.071584048529154 118.79841931648811
2020-00-00 03:48:48 416 1 7 7 8 23.3 26.0 32.0715892162987 118.79844589240764
2020-00-00 03:48:50 416 1 7 7 8 23.3 26.2 32.07159104010952 118.79847080644542
2020-00-00 03:48:52 416 1 7 7 8 23.4 26.2 32.07159787302869 118.79849738321197
2020-00-00 03:48:54 416 1 7 7 8 23.4 26.3 32.071594717187274 118.79852561767314
2020-00-00 03:48:56 416 1 7 7 8 23.5 26.3 32.07159153990974 118.79855053043897
2020-00-00 03:48:58 416 1 7 7 8 23.5 26.3 32.07158671626064 118.79857876465069
2020-00-00 03:49:00 416 1 7 7 8 23.4 26.2 32.07158354802267 118.79860533864245
2020-00-00 03:49:02 416 1 7 7 8 23.5 26.3 32.071582065991876 118.79863523526461
2020-00-00 03:49:04 416 1 7 7 8 23.5 26.5 32.07157556352697 118.79866180844297
2020-00-00 03:49:06 416 1 7 7 8 23.5 26.6 32.07156410168822 118.7986950239916
2020-00-00 03:49:08 416 1 7 7 8 23.5 26.7 32.07156257681589 118.79871827721594
2020-00-00 03:49:10 416 1 7 7 8 23.5 26.7 32.071559385023406 118.79874152998865
2020-00-00 03:49:12 416 1 7 7 8 23.5 26.7 32.07155453632947 118.79876644331449
2020-00-00 03:49:14 416 1 7 7 8 23.5 26.7 32.07154967707646 118.7987896957558
2020-00-00 03:49:16 416 1 7 7 8 23.5 26.7 32.071543140954674 118.79881128672112
2020-00-00 03:49:18 416 1 7 7 8 23.5 26.7 32.07154158381492 118.7988295574277
2020-00-00 03:49:20 416 1 7 8 9 23.7 26.1 32.071538379724934 118.79885114970756
2020-00-00 03:49:22 416 1 7 8 9 23.6 26.1 32.07152848981747 118.79886941772777
2020-00-00 03:49:25 416 1 7 8 9 23.6 26.1 32.07150697397024 118.79889432602437
2020-00-00 03:49:27 416 1 7 8 9 23.7 25.9 32.071495456048595 118.79891923785837
2020-00-00 03:49:29 416 1 7 7 8 23.7 25.8 32.07148225163637 118.79894082710905
2020-00-00 03:49:31 416 1 7 7 8 23.7 25.6 32.07146903707059 118.798960755375
2020-00-00 03:49:33 416 1 7 7 8 23.6 25.5 32.07145919369176 118.7989873291952
2020-00-00 03:49:35 416 1 7 7 8 23.8 25.4 32.07144597825481 118.79900725764216
2020-00-00 03:49:37 416 1 7 7 8 23.9 25.4 32.07143277205577 118.79902884726249
2020-00-00 03:49:39 416 1 7 7 8 24.0 25.4 32.07142285992849 118.79904379370898
2020-00-00 03:49:41 416 1 7 7 8 24.1 25.4 32.07141130029363 118.79906206183851
2020-00-00 03:49:43 416 1 7 7 8 24.1 25.3 32.071399721277615 118.79907700780024
2020-00-00 03:49:45 425 1 11 7 8 24.0 25.3 32.0713864851407 118.79909361434304
2020-00-00 03:49:47 427 1 12 7 8 24.0 25.3 32.07136995381606 118.79911686428497
2020-00-00 03:49:51 446 2 20 8 9 24.3 25.3 32.071336870826016 118.79916004218148
2020-00-00 03:49:53 450 3 22 8 9 24.3 25.3 32.071318671617995 118.79918329182416
2020-00-00 03:49:55 457 3 25 8 9 24.4 25.2 32.071305471166035 118.79920654332847
2020-00-00 03:49:57 455 3 24 9 11 24.6 25.0 32.07129060378053 118.79922979435054
2020-00-00 03:49:59 480 5 35 9 11 24.7 24.8 32.07127906873043 118.79925304665672
2020-00-00 03:50:01 480 5 35 9 11 24.7 24.8 32.07126420954634 118.79927795907616
2020-00-00 03:50:03 480 5 35 9 11 24.7 24.8 32.07124600774232 118.79930120923672
2020-00-00 03:50:05 487 5 38 9 11 24.8 24.5 32.071232813846436 118.7993261224816
2020-00-00 03:50:07 462 3 27 9 11 24.7 24.4 32.07121791648577 118.79934439040947
2020-00-00 03:50:09 443 2 19 9 11 24.7 24.5 32.07120972992432 118.7993709668734
2020-00-00 03:50:11 469 4 30 8 9 25.2 24.4 32.071201560761445 118.79940086594524
2020-00-00 03:50:13 632 14 101 8 9 25.5 24.3 32.071191679380796 118.79942245840992
2020-00-00 03:50:15 678 17 121 8 9 25.7 24.1 32.07118183338744 118.7994506959581
2020-00-00 03:50:17 650 15 109 8 9 25.5 23.9 32.07116197026432 118.79947560756028
2020-00-00 03:50:19 607 12 90 8 9 25.4 23.9 32.071152113979906 118.79950218414922
2020-00-00 03:50:21 574 10 76 8 9 25.3 23.7 32.07114388811453 118.7995221163867
2020-00-00 03:50:23 574 10 76 8 9 25.3 23.7 32.07113736351254 118.79954869443695
2020-00-00 03:50:25 558 9 69 9 11 25.3 23.7 32.071120865938596 118.79958025290038
2020-00-00 03:50:27 586 11 81 9 11 25.3 23.8 32.071109314459584 118.79960184555354
2020-00-00 03:50:29 595 12 85 10 12 25.3 23.9 32.071094412316 118.79962011447019
2020-00-00 03:50:31 607 12 90 10 12 25.3 24.1 32.07108621881705 118.7996466924593
2020-00-00 03:50:33 607 12 90 10 12 25.3 24.1 32.07107800743837 118.79966994794279
2020-00-00 03:50:35 607 12 90 10 12 25.3 24.1 32.071068137687604 118.79969486426728
2020-00-00 03:50:37 646 15 107 10 12 25.4 24.4 32.07105160163334 118.7997197782846
2020-00-00 03:50:39 646 15 107 9 11 25.4 24.3 32.071043380145504 118.79974137276825
2020-00-00 03:50:41 671 16 118 9 11 25.4 24.2 32.07103184227293 118.79976628884934
2020-00-00 03:50:43 694 18 128 8 9 25.3 24.1 32.071028602268235 118.7997845626397
2020-00-00 03:50:45 694 18 128 8 9 25.3 24.1 32.071023695517226 118.7998028358901
2020-00-00 03:50:47 694 18 128 8 9 25.3 24.1 32.07101544721981 118.79981944660598
2020-00-00 03:50:49 646 15 107 8 9 25.0 24.2 32.071007223684 118.79984104154097
2020-00-00 03:50:51 646 15 107 8 9 25.0 24.2 32.07099899970391 118.79986263657366
2020-00-00 03:50:53 655 15 111 8 9 24.8 24.3 32.07098748373396 118.79989253750243
2020-00-00 03:50:55 655 15 111 8 9 24.7 24.5 32.070967626549994 118.79992077411978
2020-00-00 03:50:57 655 15 111 8 9 24.7 24.5 32.070957759017205 118.79994735317057
2020-00-00 03:51:01 602 12 88 9 11 24.3 24.9 32.07092291871542 118.79997890739172
2020-00-00 03:51:03 567 10 73 9 11 24.1 25.0 32.07091135902844 118.80000050179387
2020-00-00 03:51:05 551 9 66 9 11 24.1 25.1 32.07089311705967 118.8000187708934
2020-00-00 03:51:11 542 8 62 10 12 24.1 25.2 32.070860124464446 118.80008853995167
2020-00-00 03:51:15 535 8 59 9 11 24.1 25.2 32.070840340848804 118.80013339255878
2020-00-00 03:51:17 512 7 49 9 11 24.0 25.1 32.07083215000127 118.80016329641518
2020-00-00 03:51:23 501 6 44 8 9 23.8 25.4 32.070809192601324 118.80024304055205
2020-00-00 03:51:27 705 19 133 7 8 23.7 26.0 32.070789394715156 118.80028623307395
2020-00-00 03:51:29 703 18 132 7 8 23.7 26.4 32.07078447159898 118.80030284670754
2020-00-00 03:51:35 632 14 101 8 9 23.7 26.3 32.07078285074977 118.80031281542212
2020-00-00 03:51:39 607 12 90 8 9 23.5 26.4 32.07078285074977 118.80031281542212
2020-00-00 03:51:46 416 1 7 2 2 23.4 26.8 32.0707367892715 118.80044572437198
2020-00-00 03:51:48 416 1 7 3 3 23.3 26.7 32.07072343564116 118.80044073445468
2020-00-00 03:51:50 416 1 7 6 7 23.2 26.5 32.07071849533517 118.80045402541207
2020-00-00 03:51:52 416 1 7 8 9 23.1 26.6 32.070710265999715 118.80047728483771
2020-00-00 03:51:54 416 1 7 10 12 23.2 26.4 32.070700355121446 118.80049722048435
2020-00-00 03:51:56 416 1 7 10 12 23.4 26.3 32.07068543001736 118.80051383102449
2020-00-00 03:52:00 416 1 7 10 12 23.4 26.5 32.070662316780954 118.80056367130886
2020-00-00 03:52:02 416 1 7 10 12 23.6 26.7 32.070649085675754 118.80058692934234
2020-00-00 03:52:04 416 1 7 10 12 23.6 26.7 32.070639186923 118.80061018877596
2020-00-00 03:52:06 416 1 7 9 11 23.6 26.6 32.0706259759943 118.80063843206659
2020-00-00 03:52:08 416 1 7 9 11 23.7 26.3 32.07061606905107 118.80066003006611
2020-00-00 03:52:10 416 1 7 9 11 23.7 26.3 32.07060282177823 118.80067996517415
2020-00-00 03:52:12 416 1 7 8 9 23.9 26.1 32.0705929139677 118.80070156336042
2020-00-00 03:52:14 416 1 7 8 9 23.9 26.1 32.07058301263922 118.80072482335524
2020-00-00 03:52:17 416 1 7 8 9 23.9 26.1 32.07056976411539 118.80074475872685
2020-00-00 03:52:19 416 1 7 8 9 23.9 25.8 32.07055653579718 118.80076967935625
2020-00-00 03:52:21 416 1 7 8 9 24.0 26.2 32.07054331369593 118.80079626185106
2020-00-00 03:52:23 416 1 7 8 9 24.1 26.2 32.07053341701443 118.80082118405481
2020-00-00 03:52:25 416 1 7 8 9 24.1 26.0 32.070530192228276 118.80084777076392
2020-00-00 03:52:27 416 1 7 8 9 24.1 25.9 32.07052362718589 118.80087269455525
2020-00-00 03:52:29 416 1 7 8 9 24.2 25.8 32.070520367783956 118.80089097269972
2020-00-00 03:52:31 416 1 7 8 9 24.4 25.6 32.07050206357825 118.80089761258111
2020-00-00 03:52:33 416 1 7 8 9 24.4 25.4 32.07047879318793 118.80091255937288
2020-00-00 03:52:35 416 1 7 8 9 24.2 25.3 32.07045213675345 118.80091421060247
2020-00-00 03:52:37 416 1 7 8 9 24.2 25.2 32.070435512052896 118.80092417468418
2020-00-00 03:52:39 416 1 7 8 9 24.0 25.2 32.070417247171896 118.80094078526689
2020-00-00 03:52:41 416 1 7 8 9 24.0 25.4 32.07039897545975 118.80095573409795
2020-00-00 03:52:43 416 1 7 8 9 23.9 25.6 32.070379069735424 118.80097899130975
2020-00-00 03:52:45 416 1 7 8 9 23.7 25.6 32.07036417578081 118.80100557425371
2020-00-00 03:52:47 416 1 7 8 9 23.8 25.9 32.070347576017774 118.8010221857408
2020-00-00 03:52:49 416 1 7 8 9 23.7 26.1 32.07033098883343 118.80104212092988
2020-00-00 03:52:51 416 1 7 8 9 23.6 26.2 32.07032273348403 118.80106205955262
2020-00-00 03:52:53 416 1 7 8 9 23.6 26.2 32.07031116392074 118.80108698244646
2020-00-00 03:52:55 416 1 7 8 9 23.6 26.2 32.07029790836709 118.80110691924031
2020-00-00 03:52:57 416 1 7 8 9 23.6 26.2 32.0702863439926 118.80113350423046
2020-00-00 03:52:59 416 1 7 8 9 23.5 26.5 32.070281450944236 118.80116175394443
2020-00-00 03:53:01 416 1 7 8 9 23.5 26.5 32.07026987896539 118.80118667736875
2020-00-00 03:53:03 416 1 7 8 9 23.5 26.7 32.070253288584276 118.80120661322438
2020-00-00 03:53:05 416 1 7 8 9 23.5 26.9 32.07024170327666 118.80122821308706
2020-00-00 03:53:07 416 1 7 8 9 23.5 26.9 32.07022342125648 118.80124150081227
2020-00-00 03:53:09 416 1 7 8 9 23.5 26.9 32.07020681766097 118.80125811305616
2020-00-00 03:53:11 416 1 7 8 9 23.5 26.8 32.07018520840222 118.80127306138557
2020-00-00 03:53:13 416 1 7 9 11 23.4 26.9 32.07017194320642 118.8012913370035
2020-00-00 03:53:15 416 1 7 9 11 23.2 27.0 32.07015533879488 118.8013079493897
2020-00-00 03:53:17 416 1 7 9 11 23.2 27.1 32.070138757956755 118.80133120955973
2020-00-00 03:53:19 416 1 7 9 11 23.2 27.1 32.07012712850272 118.80134117637024
2020-00-00 03:53:21 416 1 7 9 11 23.1 27.5 32.07011050552491 118.80135280307184
2020-00-00 03:53:23 416 1 7 9 11 23.1 27.8 32.07008885943207 118.80135777993159
2020-00-00 03:53:25 416 1 7 9 11 23.1 27.8 32.07007056980774 118.80136940595189
2020-00-00 03:53:27 416 1 7 9 11 23.1 28.3 32.07005229766162 118.80138601784991
2020-00-00 03:53:29 416 1 7 9 11 23.1 28.5 32.07003072733513 118.80141260018372
2020-00-00 03:53:31 416 1 7 9 11 23.1 28.5 32.07001912028637 118.80142921499517
2020-00-00 03:53:33 416 1 7 9 11 23.1 28.5 32.06999915760474 118.80143917846337
2020-00-00 03:53:35 416 1 7 8 9 23.1 27.8 32.06998087279837 118.80145246659382
2020-00-00 03:53:37 416 1 7 8 9 23.1 27.6 32.06996758143332 118.8014640948665
2020-00-00 03:53:39 416 1 7 8 9 23.1 27.6 32.06994930201491 118.80147904503244
2020-00-00 03:53:41 416 1 7 8 9 23.0 27.5 32.06993268882745 118.80149399593613
2020-00-00 03:53:43 416 1 7 8 9 23.0 27.5 32.06991940265577 118.80150728628584
2020-00-00 03:53:45 425 1 11 8 9 23.0 27.6 32.06990112259629 118.80152223655274
2020-00-00 03:53:47 427 1 12 8 9 23.0 27.6 32.06987788224425 118.80154881882763
2020-00-00 03:53:51 432 2 14 8 9 22.9 27.6 32.06985136929159 118.80159368214105
2020-00-00 03:53:53 432 2 14 8 9 22.9 27.6 32.06984145322513 118.80161860844156
2020-00-00 03:53:55 436 2 16 8 9 22.6 27.7 32.069821515995166 118.8016368823959
2020-00-00 03:53:57 439 2 17 8 9 22.4 27.7 32.069801600138106 118.80166180463577
2020-00-00 03:54:01 487 5 38 9 11 22.2 28.0 32.06978842455378 118.80170999887689
2020-00-00 03:54:03 503 6 45 9 11 22.2 28.0 32.06976849629892 118.80173159732354
2020-00-00 03:54:07 487 5 38 9 11 22.2 28.0 32.06973526750921 118.80176316266423
2020-00-00 03:54:09 501 6 44 9 11 22.2 28.0 32.069725310726014 118.801776455132
2020-00-00 03:54:16 416 1 7 2 2 22.4 27.9 32.06955719013914 118.80183787974761
2020-00-00 03:54:18 416 1 7 2 2 22.5 27.9 32.06956056916399 118.80185284036766
2020-00-00 03:54:24 416 1 7 6 7 22.5 27.7 32.069555686601916 118.80189106732877
2020-00-00 03:54:26 416 1 7 5 6 22.4 27.7 32.069549081138895 118.80191101016908
2020-00-00 03:54:28 416 1 7 5 6 22.3 27.7 32.069544116797616 118.80192264304213
2020-00-00 03:54:30 416 1 7 5 6 22.3 27.8 32.06954082376177 118.80193593884299
2020-00-00 03:54:32 416 1 7 6 7 22.4 27.8 32.06953253611917 118.80195089463848
2020-00-00 03:54:50 416 1 7 8 9 22.7 27.9 32.06939963008886 118.80209212168852
2020-00-00 03:54:52 416 1 7 8 9 23.2 27.8 32.06937134725309 118.80210873118156
2020-00-00 03:54:54 416 1 7 8 9 22.9 27.7 32.069348063533845 118.80212534295667
2020-00-00 03:54:56 416 1 7 8 9 22.9 27.7 32.069336430870386 118.8021369733317
2020-00-00 03:54:58 416 1 7 8 9 22.7 27.8 32.06932646453873 118.8021486044854
2020-00-00 03:55:00 416 1 7 8 9 22.7 27.9 32.06931816914771 118.80216189866704
2020-00-00 03:55:02 416 1 7 8 9 22.5 27.9 32.06930988274713 118.80217851739081
2020-00-00 03:55:04 416 1 7 8 9 22.6 28.0 32.069301591520485 118.80219347391473
2020-00-00 03:55:06 416 1 7 8 9 22.5 28.0 32.06929495747313 118.80220510671533
2020-00-00 03:55:08 416 1 7 8 9 22.5 27.9 32.06927335664065 118.80222836860914
2020-00-00 03:55:10 416 1 7 8 9 22.5 27.9 32.06927173502069 118.80224499060337
2020-00-00 03:55:12 416 1 7 8 9 22.5 27.8 32.06926508255147 118.80224997440412
2020-00-00 03:55:14 416 1 7 8 9 22.4 27.9 32.06925512380206 118.80226493039235
2020-00-00 03:55:16 416 1 7 8 9 22.4 27.9 32.069243507186215 118.80228321024985
2020-00-00 03:55:18 416 1 7 8 9 22.5 28.1 32.06923686771686 118.802293180972
2020-00-00 03:55:20 416 1 7 8 9 22.4 28.2 32.06923189024011 118.80230149017686
2020-00-00 03:55:22 416 1 7 8 9 22.5 28.3 32.069218615187566 118.80232309402471
2020-00-00 03:55:24 416 1 7 8 9 22.5 28.3 32.0692020153467 118.80234802107444
2020-00-00 03:55:26 416 1 7 8 9 22.5 28.3 32.06915879386024 118.80238955927584
2020-00-00 03:55:28 416 1 7 8 9 22.6 28.0 32.06912888154854 118.8024227922131
2020-00-00 03:55:30 416 1 7 8 9 22.9 27.9 32.0690922898615 118.80245103519113
2020-00-00 03:55:32 416 1 7 8 9 22.9 27.9 32.06907402447407 118.80247762445615
2020-00-00 03:55:34 416 1 7 8 9 22.9 27.9 32.06905908323036 118.80250089066745
2020-00-00 03:55:36 416 1 7 8 9 22.9 27.5 32.069047458315154 118.80251750901446
2020-00-00 03:55:38 416 1 7 8 9 23.0 27.5 32.06903417863589 118.8025391138067
2020-00-00 03:55:40 416 1 7 8 9 23.0 27.4 32.06901422864605 118.8025590531788
2020-00-00 03:55:42 416 1 7 8 9 23.0 27.4 32.06900094022679 118.80257733334412
2020-00-00 03:55:44 416 1 7 8 9 23.1 27.2 32.06898598889819 118.8025972752065
2020-00-00 03:55:46 416 1 7 8 9 23.0 28.0 32.0689660416129 118.80261887721674
2020-00-00 03:55:48 416 1 7 8 9 23.0 28.5 32.06894941532708 118.8026354936028
2020-00-00 03:55:50 416 1 7 8 9 23.0 28.3 32.0689327887652 118.80265211003852
2020-00-00 03:55:52 416 1 7 8 9 23.0 28.2 32.06891450300182 118.80267205061543
2020-00-00 03:55:54 416 1 7 8 9 23.0 28.2 32.068897879576404 118.80269032960912
2020-00-00 03:55:56 416 1 7 8 9 23.0 28.2 32.068881252104056 118.80270694621147
2020-00-00 03:55:58 416 1 7 8 9 23.1 28.2 32.06886297260792 118.80273021191715
2020-00-00 03:56:00 416 1 7 8 9 23.1 28.2 32.068843015168206 118.80274848952405
2020-00-00 03:56:02 416 1 7 8 9 23.1 28.2 32.06881639509959 118.80276842648023
2020-00-00 03:56:04 416 1 7 8 9 23.6 27.4 32.06878810815108 118.80278836269406
2020-00-00 03:56:06 416 1 7 8 9 23.6 27.4 32.06877148614847 118.80280830456464
2020-00-00 03:56:08 416 1 7 8 9 23.6 27.4 32.068751527274756 118.80282658240968
2020-00-00 03:56:10 416 1 7 8 9 24.6 26.5 32.06872988761072 118.8028382094873
2020-00-00 03:56:12 416 1 7 8 9 24.8 26.2 32.06871658020483 118.8028498405981
2020-00-00 03:56:14 416 1 7 8 9 24.8 26.2 32.06870326226708 118.80285648419544
2020-00-00 03:56:39 416 1 7 2 2 24.6 24.4 32.06866331161333 118.80287807751543
2020-00-00 03:56:41 416 1 7 3 3 24.4 24.6 32.068656652552825 118.80288139931815
2020-00-00 03:56:43 416 1 7 5 6 24.2 24.9 32.06864833042147 118.80288638283325
2020-00-00 03:56:45 416 1 7 5 6 24.2 24.9 32.068646670775465 118.80288970706911
2020-00-00 03:56:47 416 1 7 10 12 24.1 25.3 32.068646670775465 118.80288970706911
2020-00-00 03:56:49 416 1 7 9 11 24.1 25.8 32.06863334575054 118.80289302563071
2020-00-00 03:56:51 416 1 7 10 12 24.0 26.2 32.06859336040559 118.80289799369545
2020-00-00 03:56:53 416 1 7 10 12 23.6 26.1 32.06854504599187 118.80290462012603
2020-00-00 03:56:55 416 1 7 9 11 23.5 25.9 32.06845016348207 118.80295777451427
2020-00-00 03:56:57 416 1 7 9 11 23.9 25.7 32.06840521760371 118.80298269047368
2020-00-00 03:56:59 416 1 7 9 11 24.3 25.4 32.06836524793339 118.80299597101204
2020-00-00 03:57:01 416 1 7 9 11 24.6 25.2 32.06833527699403 118.80300925652924
2020-00-00 03:57:03 416 1 7 9 11 25.0 25.0 32.068300296802676 118.80301755180854
2020-00-00 03:57:05 416 1 7 8 9 25.4 25.0 32.06827029680116 118.80301587412417
2020-00-00 03:57:07 416 1 7 8 9 25.6 24.7 32.06824530907158 118.8030208492164
2020-00-00 03:57:09 416 1 7 8 9 26.0 24.5 32.068226984077256 118.80302416508678
2020-00-00 03:57:11 416 1 7 8 9 26.1 24.0 32.0682053069101 118.80301750380472
2020-00-00 03:57:13 416 1 7 8 9 26.3 23.5 32.06818362325716 118.8030075173714
2020-00-00 03:57:15 416 1 7 8 9 26.5 23.1 32.068163609226886 118.80299919435309
2020-00-00 03:57:17 416 1 7 8 9 26.7 22.7 32.06814359187366 118.80298920876939
2020-00-00 03:57:19 416 1 7 8 9 26.9 22.5 32.068120228341805 118.80297257125716
2020-00-00 03:57:21 416 1 7 8 9 26.9 22.3 32.068091878251835 118.80296258141914
2020-00-00 03:57:23 416 1 7 8 9 27.2 22.2 32.06807185720719 118.80295093330304
2020-00-00 03:57:31 416 1 7 9 11 27.3 21.3 32.06799518520742 118.80294424357169
2020-00-00 03:57:37 416 1 7 9 11 27.6 21.0 32.0679401474088 118.80292260200072
2020-00-00 03:57:39 416 1 7 9 11 27.6 21.0 32.06791346663407 118.80291427543493
2020-00-00 03:57:41 416 1 7 9 11 27.1 20.8 32.06788845566528 118.80290761225275
2020-00-00 03:57:43 416 1 7 9 11 26.9 21.0 32.0678634412478 118.80289928652307
2020-00-00 03:57:46 416 1 7 9 11 26.9 21.0 32.06784343306698 118.80289428845451
2020-00-00 03:57:47 416 1 7 10 12 26.5 21.4 32.06782675785325 118.80288929212529
2020-00-00 03:57:49 416 1 7 10 12 26.5 21.4 32.06781840825283 118.80288097513234
2020-00-00 03:57:52 416 1 7 10 12 26.3 21.7 32.067795084121975 118.80288428788532
2020-00-00 03:57:53 416 1 7 10 12 26.3 21.7 32.06777506210337 118.8028726396945
2020-00-00 03:57:55 416 1 7 9 11 26.5 22.0 32.0677517138633 118.80286431477865
2020-00-00 03:57:58 416 1 7 9 11 26.2 22.1 32.06772669904771 118.80285598896866
2020-00-00 03:57:59 416 1 7 9 11 26.2 22.1 32.067710040975285 118.80285930514367
2020-00-00 03:58:01 416 1 7 8 9 25.9 22.4 32.06768504345987 118.80285929184669
2020-00-00 03:58:04 416 1 7 7 8 25.9 22.7 32.06766337200666 118.80285595527543
2020-00-00 03:58:05 416 1 7 7 8 26.0 22.9 32.06764002707911 118.80284929277548
2020-00-00 03:58:07 416 1 7 7 8 26.3 22.9 32.06762167811633 118.80284097043231
2020-00-00 03:58:10 416 1 7 7 8 26.0 22.8 32.06759996792594 118.80281934630501
2020-00-00 03:58:11 416 1 7 7 8 25.9 22.8 32.06758330642174 118.80282099985386
2020-00-00 03:58:13 416 1 7 7 8 25.9 22.8 32.067558287656574 118.80281101143242
2020-00-00 03:58:16 416 1 7 7 8 25.8 23.2 32.06753160583907 118.80280268459498
2020-00-00 03:58:17 416 1 7 7 8 25.7 23.4 32.06751658590701 118.80279270156123
2020-00-00 03:58:19 416 1 7 8 9 25.7 23.8 32.06749824362012 118.80278770418732
2020-00-00 03:58:22 416 1 7 8 9 25.7 23.8 32.067478249135505 118.80278935583652
2020-00-00 03:58:30 416 1 7 9 11 25.9 23.2 32.06739489149361 118.80277434813902
2020-00-00 03:58:32 416 1 7 9 11 25.8 23.1 32.06737484996761 118.80275438749325
2020-00-00 03:58:36 416 1 7 9 11 25.7 23.3 32.06733315808791 118.80274106489698
2020-00-00 03:58:38 425 1 11 9 11 25.7 23.4 32.06730646091486 118.8027260880586
2020-00-00 03:58:44 432 2 14 9 11 25.5 23.8 32.06725806914016 118.80269779964969
2020-00-00 03:58:48 436 2 16 9 11 25.2 23.8 32.06722472773157 118.80269279385296
2020-00-00 03:58:50 439 2 17 9 11 25.3 24.0 32.06720804390265 118.80268447237371
2020-00-00 03:58:55 416 1 7 2 2 25.1 25.5 32.06713104773947 118.80253979931545
2020-00-00 03:58:57 416 1 7 3 3 25.1 25.1 32.0670943644779 118.8025314668577
2020-00-00 03:58:59 416 1 7 6 7 25.0 24.6 32.06707265158856 118.80251150610366
2020-00-00 03:59:01 416 1 7 8 9 25.0 24.6 32.06705099093631 118.802513156311
2020-00-00 03:59:11 416 1 7 10 12 25.5 25.5 32.06695591021412 118.80247653046243
2020-00-00 03:59:13 416 1 7 9 11 25.8 24.8 32.06693587096879 118.80245989548402
2020-00-00 03:59:15 416 1 7 9 11 25.8 24.8 32.066915839731905 118.80244658525919
2020-00-00 03:59:17 416 1 7 9 11 26.0 23.7 32.06689244189968 118.80241997437658
2020-00-00 03:59:19 416 1 7 9 11 26.0 23.7 32.066865735641336 118.80240333574845
2020-00-00 03:59:21 416 1 7 9 11 26.4 23.4 32.066849045144174 118.80239335220482
2020-00-00 03:59:23 416 1 7 9 11 26.4 23.4 32.06683235878772 118.80238503100254
2020-00-00 03:59:25 416 1 7 9 11 26.7 22.8 32.06681066854642 118.8023750446078
2020-00-00 03:59:27 416 1 7 9 11 26.9 22.6 32.06678065414311 118.80236837807458
2020-00-00 03:59:29 416 1 7 9 11 26.8 22.3 32.06676064736003 118.80236504191753
2020-00-00 03:59:31 416 1 7 9 11 27.0 22.1 32.066740614840306 118.80235173181774
2020-00-00 03:59:33 416 1 7 9 11 27.0 22.1 32.066722252978266 118.80234008501697
2020-00-00 03:59:35 416 1 7 9 11 27.3 21.9 32.06669720753882 118.80232178513761
2020-00-00 03:59:37 416 1 7 8 9 27.5 21.8 32.06667548605434 118.80230016263764
2020-00-00 03:59:39 416 1 7 8 9 27.7 21.6 32.066653786143675 118.80228685168782
2020-00-00 03:59:41 416 1 7 8 9 27.7 21.5 32.06663542352063 118.80227520498552
2020-00-00 03:59:43 416 1 7 8 9 27.8 21.3 32.06661541197112 118.80227020647618
2020-00-00 03:59:45 416 1 7 8 9 28.0 21.2 32.06659538262572 118.80225855881314
2020-00-00 03:59:47 416 1 7 8 9 28.1 21.1 32.066577024131284 118.80224857441624
2020-00-00 03:59:49 416 1 7 8 9 28.3 21.0 32.06656198961917 118.80223526742513
2020-00-00 03:59:51 416 1 7 8 9 28.4 20.9 32.06655196801278 118.802226950205
2020-00-00 03:59:53 416 1 7 8 9 28.6 21.0 32.06653859973873 118.80221364423889
2020-00-00 03:59:55 416 1 7 8 9 28.4 21.0 32.06652691142801 118.80220532607127
2020-00-00 03:59:57 416 1 7 8 9 28.5 21.1 32.066511903627244 118.80220199274062
2020-00-00 03:59:59 416 1 7 8 9 28.5 21.1 32.06649690489705 118.802201983926
2020-00-00 04:00:01 416 1 7 8 9 28.5 21.1 32.06648355905987 118.80219698929719
2020-00-00 04:00:03 416 1 7 8 9 28.5 21.1 32.06647688385517 118.80219366085207
2020-00-00 04:00:05 416 1 7 8 9 28.6 20.9 32.06647020407942 118.8021886701495
2020-00-00 04:00:07 416 1 7 8 9 28.6 21.0 32.0664585429544 118.80219032553008
2020-00-00 04:00:09 416 1 7 8 9 28.8 21.0 32.06645017834656 118.80217868482205
2020-00-00 04:00:11 416 1 7 8 9 28.9 21.1 32.06644348931904 118.8021703696258
2020-00-00 04:00:13 416 1 7 8 9 28.9 21.1 32.06643348556532 118.80216870146884
2020-00-00 04:00:15 416 1 7 8 9 29.2 21.0 32.066418440749175 118.8021520701316
2020-00-00 04:00:17 416 1 7 9 11 29.4 21.0 32.06640677043507 118.80215040098322
2020-00-00 04:00:19 416 1 7 9 11 29.6 21.4 32.0663950954891 118.80214706958708
2020-00-00 04:00:21 416 1 7 10 12 29.7 22.0 32.06637671259989 118.80212877409183
2020-00-00 04:00:23 416 1 7 10 12 29.7 22.0 32.06635499632146 118.8021104766757
2020-00-00 04:00:35 416 1 7 10 12 28.2 20.9 32.06625159612121 118.80208381943278
2020-00-00 04:00:38 416 1 7 10 12 28.1 20.8 32.06623824018156 118.80207550035712
2020-00-00 04:00:39 416 1 7 10 12 27.8 20.8 32.066221551109535 118.80206717928733
2020-00-00 04:00:41 416 1 7 10 12 27.8 21.0 32.06619821014509 118.8020638408391
2020-00-00 04:00:44 416 1 7 10 12 28.1 20.9 32.066169879100705 118.80206382377405
2020-00-00 04:00:45 416 1 7 10 12 28.1 20.9 32.06614820464371 118.80206048627998
2020-00-00 04:00:47 416 1 7 9 11 27.7 21.0 32.06611986881118 118.80205880694155
2020-00-00 04:00:50 416 1 7 9 11 27.7 21.1 32.06610154171398 118.80206045804708
2020-00-00 04:00:51 416 1 7 8 9 28.0 21.2 32.066064858864245 118.80205378696289
2020-00-00 04:00:59 432 2 14 7 8 28.6 20.3 32.065961393889545 118.80200552019316
2020-00-00 04:01:06 439 2 17 7 8 28.9 20.1 32.06588461577701 118.80196558076592
2020-00-00 04:01:08 439 2 17 7 8 28.9 20.1 32.06585625503282 118.80195559026873
2020-00-00 04:01:10 425 1 11 7 8 29.2 19.8 32.0658312322151 118.8019472639853
2020-00-00 04:01:12 427 1 12 7 8 29.3 19.6 32.06580457253878 118.80194890964886
2020-00-00 04:01:16 457 3 25 7 8 29.4 19.3 32.06575622305087 118.80194223099113
2020-00-00 04:01:18 478 4 34 7 8 29.0 19.3 32.06573456298199 118.80194387967646
2020-00-00 04:01:22 434 2 15 7 8 28.2 19.6 32.06568955644021 118.80194052728346
2020-00-00 04:01:24 448 3 21 7 8 28.2 19.8 32.06566616008084 118.80191890461627
2020-00-00 04:01:30 432 2 14 8 9 27.3 20.3 32.06559429146225 118.8018507117927
2020-00-00 04:01:34 436 2 16 9 11 27.0 20.8 32.065555832334745 118.80180913459007
2020-00-00 04:01:36 439 2 17 9 11 26.8 21.1 32.06554747368669 118.80180081876784
2020-00-00 04:01:46 416 1 7 3 3 26.5 22.1 32.06537372888524 118.80166774180043
2020-00-00 04:01:48 416 1 7 4 4 26.3 22.1 32.06536213312043 118.80168934119999
2020-00-00 04:01:50 416 1 7 6 7 26.1 22.2 32.065352144570205 118.80169265894635
2020-00-00 04:01:52 416 1 7 8 9 26.0 22.2 32.065342129165025 118.8016876663373
2020-00-00 04:01:54 416 1 7 7 8 26.0 22.3 32.0653404410934 118.80168101699886
2020-00-00 04:01:56 416 1 7 8 9 25.8 22.3 32.06532874828746 118.80167269920166
2020-00-00 04:01:58 416 1 7 8 9 25.7 22.3 32.06531870571023 118.80165939630422
2020-00-00 04:02:00 416 1 7 8 9 25.7 22.4 32.06530533530202 118.80164775335727
2020-00-00 04:02:02 416 1 7 8 9 25.6 22.5 32.065291975672075 118.80163943453378
2020-00-00 04:02:04 416 1 7 8 9 25.5 22.6 32.06527023940052 118.80161781399516
2020-00-00 04:02:06 416 1 7 8 9 25.4 22.7 32.06525854607286 118.80160949628015
2020-00-00 04:02:08 416 1 7 8 9 25.3 22.9 32.065245202660144 118.80160616361376
2020-00-00 04:02:10 416 1 7 9 11 25.3 23.2 32.065235219866544 118.80161114328632
2020-00-00 04:02:12 416 1 7 9 11 25.3 23.4 32.0652202043985 118.80160614749028
2020-00-00 04:02:14 416 1 7 9 11 25.3 23.6 32.065213521659736 118.80160115707295
2020-00-00 04:02:16 416 1 7 9 11 25.3 23.7 32.06520351683542 118.80159948857647
2020-00-00 04:02:18 416 1 7 9 11 25.3 23.9 32.06519515092051 118.80158951098419
2020-00-00 04:02:20 416 1 7 9 11 25.1 24.1 32.06518012425011 118.80158119112609
2020-00-00 04:02:22 416 1 7 9 11 25.7 24.1 32.065171780389655 118.80157786167345
2020-00-00 04:02:24 416 1 7 9 11 26.1 23.7 32.065151787315756 118.80157951074044
2020-00-00 04:02:26 416 1 7 9 11 26.5 23.5 32.06512842222805 118.8015695234359
2020-00-00 04:02:28 416 1 7 8 9 26.7 22.9 32.06511502840801 118.80155123253495
2020-00-00 04:02:30 416 1 7 8 9 26.7 22.9 32.0651033232956 118.80153959083583
2020-00-00 04:02:32 416 1 7 8 9 27.1 21.6 32.065088296205275 118.80153127101048
2020-00-00 04:02:34 416 1 7 8 9 27.4 21.2 32.06507161940532 118.80152793612945
2020-00-00 04:02:36 416 1 7 8 9 27.2 21.0 32.065054874724815 118.80150465718572
2020-00-00 04:02:38 416 1 7 8 9 27.2 21.0 32.06504480143959 118.80148304469947
2020-00-00 04:02:40 416 1 7 8 9 27.0 21.2 32.06503974457504 118.8014664215378
2020-00-00 04:02:42 416 1 7 8 9 26.7 21.4 32.06503799171454 118.80144149072234
2020-00-00 04:02:44 416 1 7 8 9 26.5 21.5 32.065046225942154 118.80141324264538
2020-00-00 04:02:46 416 1 7 8 9 26.4 21.7 32.06504943036958 118.80137668170782
2020-00-00 04:02:48 416 1 7 8 9 26.3 21.7 32.06505102618605 118.80135673940552
2020-00-00 04:02:50 416 1 7 8 9 26.3 21.8 32.06505094911702 118.80133513416637
2020-00-00 04:02:52 416 1 7 8 9 26.2 22.9 32.0650459137306 118.80132515928781
2020-00-00 04:02:54 416 1 7 8 9 26.1 23.8 32.065044157445016 118.80130022926284
2020-00-00 04:02:56 416 1 7 8 9 26.1 23.6 32.06503575848584 118.80128194268649
2020-00-00 04:02:58 416 1 7 8 9 26.2 23.4 32.06502567445068 118.80125866936226
2020-00-00 04:03:00 416 1 7 8 9 26.1 23.4 32.06501558378049 118.80123373425474
2020-00-00 04:03:02 416 1 7 9 11 26.0 23.7 32.065010486020235 118.80120714066553
2020-00-00 04:03:04 416 1 7 9 11 26.3 23.7 32.06501702244925 118.80117224547841
2020-00-00 04:03:06 416 1 7 9 11 26.6 23.6 32.06501519984083 118.80113069765864
2020-00-00 04:03:08 416 1 7 9 11 26.6 23.6 32.065006709338675 118.8010891458598
2020-00-00 04:03:10 416 1 7 9 11 26.9 23.2 32.064999941294914 118.80106255203559
2020-00-00 04:03:12 416 1 7 9 11 26.9 23.0 32.06499986447841 118.80104261004564
2020-00-00 04:03:14 416 1 7 9 11 26.8 22.4 32.064994774706435 118.80101934122668
2020-00-00 04:03:16 416 1 7 8 9 27.0 22.0 32.06499470354136 118.80100106124183
2020-00-00 04:03:18 416 1 7 8 9 27.1 21.8 32.06499131847097 118.80098776456954
2020-00-00 04:03:20 416 1 7 8 9 26.6 21.5 32.06497626081163 118.80097279848118
2020-00-00 04:03:22 416 1 7 8 9 26.6 21.5 32.06495779098424 118.8009378887183
2020-00-00 04:03:24 416 1 7 8 9 26.1 21.5 32.064962691565675 118.80091296522038
2020-00-00 04:03:26 416 1 7 8 9 26.0 21.7 32.06494595961242 118.80089633649156
2020-00-00 04:03:28 416 1 7 8 9 25.7 21.8 32.06493596692497 118.80089799169023
2020-00-00 04:03:30 416 1 7 8 9 25.5 21.9 32.06492094795346 118.80089299649421
2020-00-00 04:03:32 416 1 7 8 9 25.3 22.0 32.06489754944315 118.80087636341278
2020-00-00 04:03:34 416 1 7 8 9 25.3 22.2 32.064877503896696 118.80086471785694
2020-00-00 04:03:36 416 1 7 8 9 25.2 22.2 32.06485415196492 118.80085971714918
2020-00-00 04:03:38 416 1 7 8 9 25.1 22.2 32.064832459840865 118.8008530557681
2020-00-00 04:03:40 416 1 7 8 9 24.9 22.2 32.06481742717033 118.8008447370415
2020-00-00 04:03:42 425 1 11 8 9 24.8 22.2 32.06479073526337 118.80083807232752
2020-00-00 04:03:44 427 1 12 8 9 24.7 22.3 32.0647607101859 118.80083140537434
2020-00-00 04:03:48 432 2 14 9 11 24.4 22.7 32.06471567924159 118.80082306663708
2020-00-00 04:03:50 434 2 15 9 11 24.3 22.9 32.06470231287203 118.80081474900302
2020-00-00 04:03:52 436 2 16 9 11 24.2 22.9 32.064683994260285 118.80081806023924
2020-00-00 04:03:54 439 2 17 10 12 24.2 23.0 32.064658989057435 118.8008163817597
2020-00-00 04:03:56 475 4 33 10 12 24.1 23.1 32.064647350224796 118.80082302092725
2020-00-00 04:03:58 475 4 33 10 12 24.1 23.1 32.0646156584396 118.8008163526901
2020-00-00 04:04:00 510 6 48 10 12 24.3 23.4 32.064570613707865 118.8008046902146
2020-00-00 04:04:02 510 6 48 10 12 24.3 23.4 32.064530534392766 118.80078472238361
2020-00-00 04:04:04 542 8 62 10 12 24.4 23.5 32.06451552848077 118.8007830505138
2020-00-00 04:04:06 678 17 121 10 12 24.5 23.9 32.064497148366854 118.80077140599539
2020-00-00 04:04:08 641 15 105 10 12 24.7 23.9 32.06448711468126 118.80076309058839
2020-00-00 04:04:10 597 12 86 10 12 24.6 23.7 32.064482053085776 118.80074813169503
2020-00-00 04:04:12 565 10 72 10 12 24.6 23.6 32.06448696298907 118.80072653277162
2020-00-00 04:04:14 554 9 67 10 12 24.7 23.6 32.06448020648666 118.8007049260481
2020-00-00 04:04:16 554 9 67 10 12 24.7 23.6 32.06447679664642 118.80068664507918
2020-00-00 04:04:18 565 10 72 10 12 24.8 23.4 32.06447670557446 118.80066504306262
2020-00-00 04:04:20 565 10 72 10 12 24.8 23.4 32.06447663521328 118.80064842619714
2020-00-00 04:04:23 551 9 66 10 12 24.7 24.0 32.06448318125 118.80062018218307
2020-00-00 04:04:24 551 9 66 10 12 24.7 24.0 32.06448477673631 118.80060356661131
2020-00-00 04:04:26 551 9 66 10 12 24.7 24.0 32.06447962691061 118.80056866835083
2020-00-00 04:04:29 526 7 55 10 12 24.9 24.2 32.064482844870035 118.80054208421963
2020-00-00 04:04:30 526 7 55 10 12 24.9 24.2 32.06448277978778 118.80052712944402
2020-00-00 04:04:32 526 7 55 10 12 24.9 24.2 32.06448106971501 118.80051715849186
2020-00-00 04:04:35 501 6 44 10 12 24.9 24.2 32.06447931584811 118.80049721778232
2020-00-00 04:04:36 501 6 44 10 12 24.9 24.2 32.06447256190329 118.80047727377145
2020-00-00 04:04:42 505 6 46 9 11 24.9 24.1 32.06447565934454 118.80042410447847
2020-00-00 04:04:44 512 7 49 9 11 24.8 24.2 32.064473829168946 118.80038754826755
2020-00-00 04:04:47 505 6 46 8 9 24.7 24.2 32.06448367871171 118.8003543234063
2020-00-00 04:04:48 512 7 49 8 9 24.7 24.3 32.06448688363831 118.80032607896315
2020-00-00 04:04:50 510 6 48 8 9 24.7 24.2 32.06449334470983 118.8002812214299
2020-00-00 04:04:53 512 7 49 8 9 24.6 24.4 32.06449150183469 118.80024300483187
2020-00-00 04:04:54 521 7 53 8 9 24.6 24.5 32.06448803749024 118.80021475656386
2020-00-00 04:04:56 521 7 53 8 9 24.6 24.5 32.06448794440891 118.80019481830834
2020-00-00 04:04:59 542 8 62 8 9 24.6 24.6 32.064484502203456 118.8001715548628
2020-00-00 04:05:01 579 11 78 8 9 24.5 24.7 32.06448273389107 118.80014995416524
2020-00-00 04:05:03 586 11 81 8 9 24.5 24.8 32.064485964828414 118.80012835695628
2020-00-00 04:05:05 586 11 81 8 9 24.5 24.8 32.064484179794704 118.8001034334927
2020-00-00 04:05:07 590 11 83 8 9 24.5 24.7 32.06448075146254 118.80008349346467
2020-00-00 04:05:13 597 12 86 8 9 24.3 24.6 32.06447052043365 118.80003530410194
2020-00-00 04:05:15 577 11 77 9 11 24.5 24.7 32.064472066318 118.80001038340309
2020-00-00 04:05:19 544 9 63 9 11 24.3 24.5 32.06447340000195 118.79994226555841
2020-00-00 04:05:21 535 8 59 9 11 24.2 24.5 32.06448151944338 118.79989907432974
2020-00-00 04:05:25 515 7 50 9 11 24.1 24.5 32.06448287928497 118.7998376036822
2020-00-00 04:05:27 505 6 46 9 11 24.1 24.6 32.064484412100384 118.79981102267527
2020-00-00 04:05:31 544 9 63 8 9 24.1 24.9 32.06447915135474 118.79975951683699
2020-00-00 04:05:35 416 1 7 2 2 24.7 25.1 32.06450680632606 118.79962829042768
2020-00-00 04:05:37 416 1 7 3 3 24.7 25.1 32.06450004455758 118.79961001151216
2020-00-00 04:05:39 416 1 7 6 7 25.1 25.0 32.064494983919595 118.79959837899884
2020-00-00 04:05:41 416 1 7 9 11 25.2 24.8 32.06448819538906 118.79957511631356
2020-00-00 04:05:43 416 1 7 12 14 25.5 24.6 32.0644831080443 118.79955850001882
2020-00-00 04:05:45 416 1 7 12 14 25.6 24.3 32.06447135417689 118.79954187926535
2020-00-00 04:05:47 416 1 7 12 14 25.6 24.1 32.06446625747772 118.79952360181026
2020-00-00 04:05:49 416 1 7 12 14 25.5 24.1 32.06445781846863 118.79950366089673
2020-00-00 04:05:53 416 1 7 10 12 25.7 24.1 32.06445424505686 118.79945880460755
2020-00-00 04:05:55 416 1 7 10 12 25.8 24.0 32.06445746182022 118.7994372106393
2020-00-00 04:05:57 416 1 7 9 11 25.7 23.7 32.06445239029324 118.79942391730975
2020-00-00 04:05:59 416 1 7 9 11 25.9 23.5 32.06444734561754 118.79941560772495
2020-00-00 04:06:01 416 1 7 8 9 25.9 23.4 32.06444892203159 118.79939899651725
2020-00-00 04:06:03 416 1 7 8 9 26.3 23.3 32.06444718315696 118.79938570555768
2020-00-00 04:06:05 416 1 7 8 9 26.5 23.2 32.064453731563226 118.7993641141912
2020-00-00 04:06:07 416 1 7 8 9 26.6 22.9 32.06444854968944 118.7993308865472
2020-00-00 04:06:09 416 1 7 8 9 26.5 22.7 32.064443449351586 118.79931260991606
2020-00-00 04:06:11 416 1 7 8 9 26.7 22.6 32.06444336677577 118.79929765913877
2020-00-00 04:06:13 416 1 7 8 9 26.6 22.1 32.06444318252083 118.79926443536063
2020-00-00 04:06:15 416 1 7 8 9 26.8 22.1 32.06444626526171 118.7992195858974
2020-00-00 04:06:17 416 1 7 8 9 26.3 22.0 32.06444606920607 118.7991847015191
2020-00-00 04:06:19 416 1 7 7 8 26.2 22.1 32.064439168052644 118.79914316831035
2020-00-00 04:06:21 416 1 7 7 8 25.8 22.1 32.06443565532195 118.79911160449385
2020-00-00 04:06:23 416 1 7 7 8 25.8 22.3 32.06443380822305 118.79908004202123
2020-00-00 04:06:26 416 1 7 7 8 25.9 22.5 32.064430284047624 118.7990468175223
2020-00-00 04:06:28 416 1 7 7 8 26.1 22.5 32.064421739874845 118.79901026767263
2020-00-00 04:06:30 416 1 7 7 8 25.7 22.6 32.06442824197446 118.79898203370784
2020-00-00 04:06:32 416 1 7 7 8 25.6 22.5 32.06442809650307 118.79895711752906
2020-00-00 04:06:34 416 1 7 7 8 25.6 22.5 32.06443132258751 118.79893884801295
2020-00-00 04:06:36 416 1 7 7 8 25.6 22.5 32.06443116632442 118.79891227100387
2020-00-00 04:06:38 416 1 7 7 8 25.5 22.5 32.064430989739776 118.79888237204771
2020-00-00 04:06:40 416 1 7 7 8 25.8 22.7 32.06444250791074 118.79885746431773
2020-00-00 04:06:42 416 1 7 7 8 25.6 22.9 32.064440791952244 118.79884915799818
2020-00-00 04:06:44 416 1 7 7 8 25.4 23.5 32.06444244863198 118.79884749809368
2020-00-00 04:06:46 416 1 7 7 8 25.3 23.5 32.064437359842096 118.7988325454025
2020-00-00 04:06:48 416 1 7 7 8 25.2 23.3 32.06444051416509 118.79880264921405
2020-00-00 04:06:50 416 1 7 7 8 25.3 23.2 32.06444698077492 118.79876943345874
2020-00-00 04:06:52 416 1 7 7 8 25.6 23.2 32.06444513364168 118.79873953427489
2020-00-00 04:06:54 416 1 7 8 9 25.6 23.3 32.06444330587286 118.79871295725516
2020-00-00 04:06:56 416 1 7 8 9 25.6 24.0 32.064451436274524 118.79867974325826
2020-00-00 04:06:58 416 1 7 8 9 25.5 24.2 32.06444962739889 118.79865648850996
2020-00-00 04:07:00 416 1 7 8 9 25.6 25.4 32.0644494436908 118.79862659116878
2020-00-00 04:07:02 416 1 7 7 8 25.9 26.1 32.06445255116301 118.79859005249055
2020-00-00 04:07:04 416 1 7 7 8 26.1 26.7 32.06445401150862 118.79855683482857
2020-00-00 04:07:06 416 1 7 7 8 26.2 26.1 32.06446212670448 118.79852196099618
2020-00-00 04:07:08 416 1 7 7 8 26.2 25.3 32.06446023093391 118.79848541972946
2020-00-00 04:07:10 416 1 7 7 8 26.4 24.6 32.064474989078 118.79844722914048
2020-00-00 04:07:12 416 1 7 7 8 26.4 24.6 32.06448813209213 118.79841734213856
2020-00-00 04:07:14 416 1 7 7 8 26.8 23.7 32.06449130666805 118.79839243117966
2020-00-00 04:07:16 416 1 7 7 8 27.0 23.2 32.06449113691141 118.79836585722717
2020-00-00 04:07:18 416 1 7 7 8 26.9 22.8 32.06449095583039 118.79833762256419
2020-00-00 04:07:20 416 1 7 7 8 27.2 22.7 32.064500762685256 118.79830773398345
2020-00-00 04:07:22 416 1 7 7 8 27.1 22.4 32.06450390245576 118.79827784107896
2020-00-00 04:07:24 416 1 7 7 8 27.0 22.1 32.064507063018944 118.79825127001438
2020-00-00 04:07:26 416 1 7 7 8 26.7 22.1 32.064506965664485 118.79823632258778
2020-00-00 04:07:28 416 1 7 7 8 26.7 22.1 32.06450355667257 118.7982246945906
2020-00-00 04:07:30 416 1 7 7 8 26.7 23.2 32.06450681381528 118.79821307112765
2020-00-00 04:07:32 416 1 7 7 8 26.8 23.1 32.06451333862556 118.79819148509137
2020-00-00 04:07:34 425 1 11 7 8 26.5 22.7 32.064518174576676 118.7981665764263
2020-00-00 04:07:36 427 1 12 8 9 26.5 22.5 32.06452632113418 118.79813834856033
2020-00-00 04:07:40 443 2 19 8 9 26.4 22.4 32.06452434618438 118.7980918455727
2020-00-00 04:07:42 482 5 36 9 11 26.6 22.7 32.06452078046372 118.79805696721915
2020-00-00 04:07:44 659 16 113 9 11 26.7 23.1 32.06452396904807 118.7980353796271
2020-00-00 04:07:46 894 30 215 9 11 27.0 23.7 32.064530512664774 118.79801711587349
2020-00-00 04:07:48 866 29 203 9 11 27.0 23.6 32.06453202269865 118.7979938665939
2020-00-00 04:07:50 761 22 157 10 12 27.1 23.0 32.064530176636254 118.7979672937154
2020-00-00 04:07:58 763 22 158 9 11 27.4 22.3 32.06454580910391 118.79781618087095
2020-00-00 04:08:00 703 18 132 8 9 27.2 22.2 32.0645522915474 118.79778961458122
2020-00-00 04:08:08 579 11 78 9 11 27.5 22.3 32.06455143305132 118.79766672659358
2020-00-00 04:08:10 807 25 177 9 11 27.4 23.1 32.064559566708134 118.79763850161876
2020-00-00 04:08:14 676 17 120 9 11 27.7 22.8 32.064560974458146 118.79760196928032
2020-00-00 04:08:16 678 17 121 9 11 27.8 22.0 32.06455422559923 118.79759034056453
2020-00-00 04:08:26 998 37 260 9 11 27.7 21.5 32.064570440677045 118.79752724932516
2020-00-00 04:08:32 416 1 7 2 2 27.6 21.1 32.06466261387913 118.7973678988019
2020-00-00 04:08:34 416 1 7 3 3 27.8 20.8 32.06470062821775 118.7973247509037
2020-00-00 04:08:36 416 1 7 5 6 27.7 20.7 32.06470379018113 118.79730150601075
2020-00-00 04:08:38 416 1 7 7 8 27.5 20.4 32.0647152476174 118.7972732852951
2020-00-00 04:08:40 416 1 7 9 11 27.4 20.3 32.064731679356704 118.79724174709392
2020-00-00 04:08:42 416 1 7 8 9 27.3 20.2 32.064749751994064 118.79720688924294
2020-00-00 04:08:44 416 1 7 9 11 27.2 20.2 32.064744516563216 118.79717533703449
2020-00-00 04:08:46 416 1 7 9 11 27.2 20.1 32.06475599573389 118.79715043792149
2020-00-00 04:08:48 416 1 7 9 11 26.9 20.2 32.06476084561294 118.79713051583724
2020-00-00 04:08:50 416 1 7 9 11 26.9 20.2 32.064763990981085 118.79710561140483
2020-00-00 04:08:52 416 1 7 8 9 27.0 20.6 32.06476544408373 118.79707738512879
2020-00-00 04:08:54 416 1 7 8 9 27.0 20.7 32.06477016646518 118.79704085913176
2020-00-00 04:08:56 416 1 7 8 9 27.0 20.6 32.06476995137184 118.79701263211423
2020-00-00 04:08:58 416 1 7 8 9 27.0 20.6 32.064778106499446 118.79698939198731
2020-00-00 04:09:00 416 1 7 8 9 27.3 20.6 32.06476794172941 118.79696780018902
2020-00-00 04:09:02 416 1 7 8 9 27.1 20.6 32.064769429687736 118.79694455584426
2020-00-00 04:09:04 416 1 7 9 11 26.9 20.7 32.06475764869907 118.79692960464573
2020-00-00 04:09:06 416 1 7 9 11 26.8 20.8 32.06474918780991 118.79691299532715
2020-00-00 04:09:08 416 1 7 10 12 26.5 20.9 32.06473732929393 118.79688808200109
2020-00-00 04:09:10 416 1 7 10 12 26.5 21.0 32.064737149040404 118.79686483691829
2020-00-00 04:09:12 416 1 7 10 12 26.4 21.3 32.06473195569653 118.79683992826365
2020-00-00 04:09:14 416 1 7 10 12 26.7 21.4 32.06472674883309 118.79681335938857
2020-00-00 04:09:16 416 1 7 10 12 26.9 21.3 32.064721528332804 118.79678513031911
2020-00-00 04:09:18 416 1 7 10 12 26.9 21.3 32.06471132049251 118.79675855839815
2020-00-00 04:09:20 416 1 7 10 12 26.8 21.3 32.064709444829035 118.79673199216933
2020-00-00 04:09:22 416 1 7 10 12 26.9 21.6 32.06470927447204 118.7967104081139
2020-00-00 04:09:24 416 1 7 10 12 26.8 21.6 32.06471403759356 118.79668052598326
2020-00-00 04:09:26 416 1 7 10 12 26.8 22.3 32.06471549321352 118.79665396238568
2020-00-00 04:09:28 416 1 7 10 12 26.8 22.1 32.06471860152574 118.79662573975664
2020-00-00 04:09:30 416 1 7 10 12 27.0 21.8 32.06472340226122 118.79660083893803
2020-00-00 04:09:32 416 1 7 9 11 26.9 21.7 32.06472146958579 118.79656763248575
2020-00-00 04:09:34 416 1 7 9 11 26.9 21.7 32.06472460248163 118.79654273084131
2020-00-00 04:09:36 416 1 7 9 11 26.9 21.7 32.064727855359244 118.79653277154915
